"region","name","alpha_admission","alpha_D","alpha_death_hosp","alpha_H","beta1","beta10","beta11","beta12","beta13","beta14","beta15","beta16","beta17","beta18","beta19","beta2","beta20","beta21","beta22","beta23","beta24","beta25","beta26","beta27","beta28","beta29","beta3","beta30","beta31","beta32","beta33","beta34","beta35","beta36","beta4","beta5","beta6","beta7","beta8","beta9","mu_D","mu_D_2","mu_D_3","mu_D_4","mu_D_5","mu_gamma_H","mu_gamma_H_2","mu_gamma_H_3","mu_gamma_H_4","p_G_D","p_G_D_2","p_H","p_H_2","p_H_D","p_ICU","p_ICU_2","p_ICU_D","p_NC_15_24","p_NC_25_49","p_NC_50_64","p_NC_65_79","p_NC_80_plus","p_NC_weekend_15_24","p_NC_weekend_25_49","p_NC_weekend_50_64","p_NC_weekend_65_79","p_NC_weekend_80_plus","p_W_D","rel_p_D_alpha","rel_p_D_delta","rel_p_D_omicron","rel_p_H_alpha","rel_p_H_delta","rel_p_H_omicron","rel_p_ICU_alpha","rel_p_ICU_delta","rel_p_ICU_omicron","rho_pillar2_tests","seed_date_alpha","seed_date_delta","seed_date_omicron","start_date","ta_alpha","ta_delta","ta_omicron"
"east_of_england","alpha_admission",0.000137668236299648,0.000337183174485101,0.000116913517227941,4.77174545927812e-06,-1.19814665472216e-05,1.05905141567644e-05,-1.82703603707507e-05,1.35371803166677e-05,-2.15665606959601e-06,3.35564229479531e-06,4.3001281997909e-06,-1.3006148324132e-06,5.29662232216187e-06,2.93963715352105e-06,-6.02624454122856e-06,8.30444228220728e-05,5.29372308808806e-06,-1.23755415891289e-05,1.66400001044838e-05,-1.92499113533843e-05,1.98617095257435e-06,-6.68844413922193e-06,3.40819562474439e-06,-1.80184618794954e-05,2.46683278951423e-06,-6.57045003915331e-06,-6.94292314294892e-06,-6.44937503590707e-06,-1.18506424290007e-06,-9.52205835060112e-06,2.85327236476101e-07,-7.81427270467951e-07,-1.98127339439221e-05,4.02888084366955e-05,3.80966810017402e-07,6.1055886710088e-06,-8.78086959253556e-06,1.53124190112098e-06,1.03358058507004e-05,-1.6907547736034e-05,-6.79521656890116e-05,0.000272200140280676,7.55480578897081e-05,0.000173897971509529,-5.487018728292e-05,0.000814167901628701,-0.000197966223077596,1.60541131717779e-05,-0.000111849186419837,-7.87866165169554e-05,4.15463703062569e-05,-7.73117427042521e-06,-6.10425211020179e-05,-6.60583102752359e-05,-1.2075362593431e-05,2.76332736734054e-05,0.000152425316428637,2.14649391850791e-07,-3.77401898882682e-07,5.29621113302173e-07,5.60886149319566e-08,-7.90234901925097e-07,3.21383331178325e-07,-9.47855950936632e-10,2.23961385797949e-07,-2.92489083271355e-07,1.13201847235451e-06,-0.000477976718054255,-0.000377265390050267,-0.000301240234691431,0.000632874183453869,-0.00043736072569937,0.000473436028889253,7.17016694289426e-05,-0.000139635390177462,-6.21987255892211e-05,-3.42200943801517e-05,3.79998179541517e-07,-0.000302256579148662,0.0108652335527963,0.000776156448095774,-0.000448510419144904,-6.37358124852995e-05,0.000241618629294294,-1.99218367688426e-05
"east_of_england","alpha_D",0.000337183174485101,0.0149932707901578,0.0025471603227512,3.7057582936848e-05,9.89825950405419e-05,-7.14858810625484e-05,0.000122557361146032,0.000123318576758543,-0.000124414716966625,7.17513035675431e-05,-9.29798264220764e-06,-3.33976082122635e-06,2.53431133867114e-05,0.000102467430216504,-0.000256273052882447,0.00145232925599573,0.000187493028552147,-0.000178221947271914,6.17009396475851e-05,-0.000107378647707019,-9.48377717892666e-06,-0.000135493125164269,9.65643709713668e-05,-0.000346004765596689,-2.3730525840687e-05,-8.58926140370124e-05,-0.000208046146460787,-0.000175250612150571,-0.000160667182020389,-0.000181903075949534,5.49375047841206e-05,-0.00032927428988478,-3.94041732972518e-05,-2.55771266559804e-05,3.91857316674271e-05,8.83440009766777e-05,-0.000147827409856822,4.7047585321598e-05,5.33779625051509e-05,3.0763428741136e-05,-0.00627204804664407,0.00385864295270513,-0.000283228846322598,0.00206974741983653,0.000977347057338296,0.00928883045712739,0.00326438926752525,-0.000777292616742081,-0.00129074880514331,-0.00128569566509572,-1.68454847399361e-05,0.000239401304119149,0.000256817072425133,-0.00262783818725606,-0.000586084534297121,0.000936206466573783,0.00449159895641035,-2.22744275114046e-05,-2.56842508024043e-05,-2.49063134374112e-05,2.4633029553438e-07,-2.78972397535594e-06,-1.26253285275067e-05,-2.7249490952615e-05,-1.52498589607687e-05,-9.65628782231672e-06,1.46303814115264e-05,-0.00899361942434124,0.0063826927691388,-0.00403358874533735,0.00285440417031649,0.00653413108623651,0.00619260216466284,-0.000116888239850065,-0.00924811322548812,0.00182129405629436,-0.00175835233021523,7.03802647821967e-07,-0.0273176992785437,0.0554005720750557,0.00613230665938142,0.0660930113553785,-0.000990918419691761,0.0021372841841008,0.00136394417992557
"east_of_england","alpha_death_hosp",0.000116913517227941,0.0025471603227512,0.00089791569700932,-2.40845556235815e-06,-3.46496474451108e-06,-2.13164311565513e-05,5.1609812593725e-05,7.20782248322706e-06,-1.89048536283033e-05,-7.24534503499822e-07,-5.06112494717892e-06,-1.13684881391783e-05,-6.60889192516138e-06,6.65921185139587e-06,-5.51873165088791e-05,0.000279624976066974,1.58733741316704e-05,-6.94788355496589e-05,2.81602383216356e-05,-7.56523420672459e-05,-2.07865633609483e-05,-4.14644268136056e-05,-3.18949721033934e-06,-0.000104075194331233,-2.15894943576351e-06,-7.14181246013686e-05,-2.00075231185816e-05,-5.18938601136903e-05,-6.27911533922498e-05,-3.18261649306204e-05,1.36683065639809e-05,-8.83424501523342e-05,-9.22607962027637e-06,3.67498938273622e-06,-7.07467663815259e-06,2.92288720050476e-05,-1.54698977584004e-05,-3.38212827173332e-06,-9.27083985095407e-06,2.75505216874876e-05,-0.00120853242562985,0.000895990434384721,-0.000384740142555137,0.000602608480096332,1.86741142321151e-05,0.00276564365115929,0.000143556170795601,0.000495175637043029,-0.000526520752872866,-0.000497130935621504,-8.61376347220481e-05,-3.08966024533292e-05,-0.000411433322899502,-0.000650465197274232,-6.82071191252513e-05,0.000140618253523352,0.00164515410235436,-3.86366845675286e-06,-5.35770420955447e-06,-4.26913620360268e-06,6.01097104006197e-08,1.24078188714425e-06,-1.59033748025512e-06,-4.91876406959546e-06,-2.16636475622892e-06,8.00819208998692e-08,6.16012163597876e-06,-0.00175094144409964,0.00193125095793342,-0.00100384474063557,0.000469338094297514,0.00219907429848392,0.000881838723108561,8.22541970977634e-07,-0.00185578113472504,0.000228043932973191,-0.000165983961490613,-1.31582186790439e-06,0.0259060205540554,0.0208786189755585,-0.00383885941496131,0.00868958222276438,0.000353391670361142,0.000867747827487813,-0.000180393377722838
"east_of_england","alpha_H",4.77174545927812e-06,3.7057582936848e-05,-2.40845556235815e-06,2.18685617738275e-05,-5.91285873068821e-06,8.53804526287518e-07,-3.96353885957809e-06,1.11894248689161e-06,-1.99143474007093e-06,5.16810553991687e-06,4.40025540297847e-07,-1.08336935361399e-06,5.89096159232329e-07,-2.41244066815032e-06,3.8895947626973e-06,-1.06822485422421e-05,1.01409637838645e-06,2.56519868260175e-07,-6.75276365827252e-07,2.50398161549932e-06,4.64525597217287e-07,1.6309135446054e-06,-1.53257486262006e-06,4.16174426181848e-06,-2.19058166602185e-07,8.58986241823766e-07,3.53022909273063e-07,1.81972746560814e-06,2.59838712500833e-06,-6.1356875153284e-07,5.40643704359362e-07,2.45155118597895e-06,3.54859175945274e-06,-9.22769795979038e-06,4.8838474465224e-07,-1.48729059107727e-06,4.11368286753803e-06,-1.0453471367132e-06,-7.86524104978559e-07,-7.12203389134515e-07,0.000147121659738614,-3.89244119212456e-06,-2.71319779327301e-05,2.44908514498917e-05,8.98536190392922e-05,-0.000154752188722671,0.000102996964390346,-0.000143566637905404,-4.4550297103996e-05,7.88339789370308e-05,-3.4343927257985e-06,2.60639910253138e-06,2.64364103911898e-06,2.23175793424699e-06,-4.88972858804823e-06,-3.0143847080708e-05,-1.374077184089e-05,3.14451084172454e-08,4.53510910435748e-07,2.16284441356043e-07,6.79660793297213e-08,-2.23008025716026e-07,1.66216146564062e-07,2.96854631032968e-07,1.58238976148429e-07,-1.31901171443043e-07,-7.90370517019914e-07,-4.01707924985388e-05,7.67875404066123e-05,-4.99871151126106e-05,6.70264945049e-06,-1.24923953712787e-05,2.71259333712884e-05,7.64617886118561e-05,0.000174384420938263,-1.11543161559936e-05,2.30313886163856e-05,-3.06004294683135e-07,-0.000660147099055706,0.00409633098695194,-0.000585931810121666,-0.0035878583522724,7.65850524665459e-06,-4.10975777110656e-05,-1.82151363978699e-05
"east_of_england","beta1",-1.19814665472216e-05,9.89825950405419e-05,-3.46496474451108e-06,-5.91285873068821e-06,2.90331964385111e-05,-3.4763422961294e-06,4.00387574630793e-06,5.19046269381532e-06,-5.40190592249621e-06,1.43427284532655e-06,-3.8616941512723e-06,1.34107144635511e-06,3.35845412185276e-07,2.01448390258331e-06,-5.54880111452951e-06,-1.7471690302384e-05,2.54524315145992e-06,2.38755481987842e-06,-1.34309428860836e-05,1.16565651217749e-05,-5.36441642923892e-06,8.27059912314954e-07,-5.56820135530082e-08,-4.67892128220789e-06,1.04117995337253e-06,-2.66578873881565e-06,-2.5090385839291e-06,-3.54627920757841e-06,-4.02063879864144e-06,-6.66038982423923e-06,-3.31242436132543e-06,-3.53809769545448e-06,-1.08437345912733e-05,5.8696627141694e-06,5.49079368598079e-07,1.56156571033982e-06,-6.02505987860468e-06,5.9642500927474e-06,-2.85040172453766e-06,3.46293117296095e-06,-0.000243538208761002,1.15535804880765e-05,-0.000114945265074349,2.21956469109639e-06,-0.000128280185321251,0.000231862625559612,-1.80935717753219e-05,2.05999341623605e-06,2.41210857532678e-05,-7.91331991032815e-05,-3.13018884173088e-05,-4.93660872293704e-05,5.00421704680711e-05,-0.000106172507442108,-1.49892983371202e-05,5.88267219836689e-05,0.000205085580751233,-4.15683551686443e-07,-7.6063782884995e-08,-8.19113504244805e-07,6.014545626997e-08,-1.32154015773371e-07,-4.89182418024142e-07,-8.34620119867036e-07,-6.64371838938057e-07,-1.95651825214014e-07,3.44136447502712e-07,0.000319559275633011,0.000627600923553092,-0.000142449755298688,0.00015224973921684,0.000194236110812858,0.000105481491519738,-8.82907953960667e-05,-0.000389760897268963,3.78742758017917e-05,-3.70815342290374e-05,-1.05541019729526e-06,-0.00136345909462528,0.000760549155376203,0.00213329776619099,0.00947142437334037,-1.04217609690866e-05,4.8008840676072e-05,0.000121476592937392
"east_of_england","beta10",1.05905141567644e-05,-7.14858810625484e-05,-2.13164311565513e-05,8.53804526287518e-07,-3.4763422961294e-06,4.40154934741158e-06,-7.40501961507468e-06,1.6233285066355e-06,9.84469773222708e-07,-2.55406426711623e-07,1.36763044834151e-06,-5.08517250768198e-08,7.55871894675344e-07,6.37983293840115e-07,2.88690090534135e-07,3.40281486662813e-06,-5.485641751227e-07,6.96241118415267e-07,-1.33802663426003e-07,3.69095171759327e-07,5.10785682227417e-07,5.58944277977858e-08,-2.78779907145796e-07,1.49341991090019e-06,-1.01049760360585e-06,9.94337579600526e-07,-4.00468580118576e-07,-3.81371077528102e-08,2.11822929990023e-06,-2.22364110129053e-07,-2.87785451097869e-07,4.46514206015941e-06,-3.94694477888596e-06,8.6842202562386e-06,2.42918850736132e-07,-2.63574491681134e-07,-4.12289471061763e-07,8.34242669539423e-07,6.18784358580112e-07,-4.14369375712061e-06,5.0507739881252e-05,6.61266819365955e-07,2.87839516381067e-05,4.03873277390227e-06,-5.90047177519656e-05,-2.76911651795752e-06,-7.48895457000017e-05,-5.94320379309238e-05,3.27245921638792e-06,2.76569612153178e-05,1.07699883077145e-05,1.82097734435546e-05,4.40195783236832e-06,1.0770524915236e-05,-5.39887224289268e-06,-9.23800930379234e-06,-6.63121075918195e-05,1.74399933396514e-07,2.72508669113262e-07,1.41052151658994e-07,7.35632381356531e-09,-5.35780244239055e-07,8.44146969428163e-08,3.45777435757732e-07,1.98137176561375e-07,-1.65653637599946e-07,-1.96578502129877e-07,-4.96827036184439e-05,-9.80047311342528e-05,2.80437029499956e-05,0.000177135040143891,-0.000151263630187992,2.52587489878504e-05,4.52588916323106e-05,5.06639408771732e-05,5.84606419812785e-05,-1.61412251767761e-05,3.27143725102302e-07,-0.00019874472441559,0.000210696609033893,-0.000405731907780806,-0.00110409215352684,-9.41062838899315e-06,9.92079932069902e-06,-2.00495308292706e-05
"east_of_england","beta11",-1.82703603707507e-05,0.000122557361146032,5.1609812593725e-05,-3.96353885957809e-06,4.00387574630793e-06,-7.40501961507468e-06,1.45109879175073e-05,-4.08260070087499e-06,-7.72738412674813e-07,-6.40369239873971e-07,-3.22004250461663e-06,-3.7926498321362e-07,-1.80743432176717e-06,-1.82653660358424e-06,-1.72625534585823e-06,4.30135808098075e-06,2.86573076505327e-07,-3.36865263755611e-06,3.26383538660781e-07,-3.24858203065836e-06,-1.85758362267373e-06,-1.60672159175535e-06,-5.98948085715263e-07,-4.46957276055417e-06,2.79072404128995e-07,-4.24017388700412e-06,7.14309031938909e-07,-1.46456779712646e-06,-5.78306313773466e-06,-3.03804958882694e-07,1.04019218023271e-06,-1.09704715287932e-05,7.18444572129676e-06,-1.65750319228029e-05,-7.40219728389107e-07,1.26292590567301e-06,2.18655573538928e-07,-1.61614313681221e-06,-5.1182190719548e-07,6.32134331537895e-06,-0.000108830709428079,-2.67949161995916e-05,-3.29813522587725e-05,-1.69438566880542e-05,9.23461902438534e-05,1.29130220289602e-05,0.000106482821182832,0.000147227234717247,-1.19752095236148e-05,-5.51287418306965e-05,-1.71574742624199e-05,-3.51288783331207e-05,-2.26882122623562e-05,3.63286667749858e-06,9.0338404588954e-06,1.91430838998375e-05,0.000128963216187935,-3.46031740318829e-07,-5.36624062709535e-07,-1.69624806043377e-07,-3.40415773492282e-08,1.00984700048004e-06,-1.69028874957824e-07,-5.64506053517327e-07,-3.08313242056626e-07,3.46868667922303e-07,5.35830054033349e-07,4.07748903012699e-06,9.33363630164049e-05,-2.9661718949901e-05,-0.00031898622480984,0.00030691269814675,-4.54295213798549e-05,-8.72775868961163e-05,-0.000135371897876235,-0.000108648328524261,3.04388867817879e-05,-4.43822864050258e-07,0.00224495608666117,0.00025969251784843,0.000677078180486625,0.00174228682400938,4.53225090992184e-05,1.60823387894828e-05,2.43671798734793e-05
"east_of_england","beta12",1.35371803166677e-05,0.000123318576758543,7.20782248322706e-06,1.11894248689161e-06,5.19046269381532e-06,1.6233285066355e-06,-4.08260070087499e-06,5.44528752810268e-06,-2.96602719193329e-06,2.6173245457581e-06,-1.00099146570086e-06,4.91445304282167e-07,1.4283854302868e-06,1.55185236082686e-06,-3.34463696459441e-06,1.8223142035913e-05,3.08399252330344e-06,-8.52995392781729e-07,-1.04345087935971e-06,2.1125024553665e-06,-5.27482702057699e-07,-1.06932282342688e-06,2.02844377426395e-06,-3.8439576392276e-06,-7.38746538748395e-07,5.0724064976626e-07,-3.79003174192555e-06,-2.16252021010867e-06,-6.71910614911111e-07,-4.1364632900512e-06,-6.81043540748526e-07,-1.3380084341191e-06,-5.68663386524323e-06,6.51764573784488e-06,1.204198105291e-06,9.83241717078935e-07,-4.0407248249852e-06,2.57484625351005e-06,2.85660340124284e-06,-3.96430231797734e-06,-9.07277119039552e-05,4.30677097635468e-05,-2.57334182657643e-05,8.45183676041208e-06,-5.97005119923693e-05,0.000236347603491178,-2.72681107822417e-05,-3.44474007004241e-05,-3.75442789298043e-06,-1.90687328054054e-05,9.37473512781757e-07,-7.30290887584458e-06,1.20670211462984e-05,-3.12823774901799e-05,-9.19025032449799e-06,2.15318486739295e-05,6.56162563706174e-05,-2.18166319312661e-07,-1.44468752528686e-07,-3.37756138576523e-07,1.08943360275028e-08,-3.30387234581501e-07,-1.99286488588611e-07,-2.98701505289987e-07,-2.23048548474962e-07,-2.71126700630932e-07,1.43723104715197e-07,-3.97471954537536e-05,0.000208422152858435,-8.65605545200081e-05,0.00018956337755689,-3.42830506877034e-05,0.000153022854278014,-5.0942930979306e-06,-0.000120858001682306,6.4769868826034e-07,-3.40068488531954e-05,-7.18012855985643e-08,-0.00136919808647104,0.0017935384035899,0.00075285976070437,0.00215273062448118,-3.09664705694919e-05,3.52137438818697e-05,4.77224104254633e-05
"east_of_england","beta13",-2.15665606959601e-06,-0.000124414716966625,-1.89048536283033e-05,-1.99143474007093e-06,-5.40190592249621e-06,9.84469773222708e-07,-7.72738412674813e-07,-2.96602719193329e-06,2.93141442836716e-06,-2.0964050142293e-06,1.5039800118481e-06,-1.05459097732061e-07,-3.66755496508874e-07,-4.53941465175649e-07,2.6208095669945e-06,-8.56610551763963e-06,-2.17854758772421e-06,1.27541885627016e-06,1.49264263739908e-06,-1.4366605548011e-06,1.22428804488039e-06,8.66827662409369e-07,-8.77136811691415e-07,3.5793865522579e-06,3.3497437528081e-07,9.89852004580917e-07,2.23225529038857e-06,1.95403257076126e-06,1.97526150532464e-06,2.98198383614846e-06,4.11236495256731e-07,3.28899430167625e-06,2.18522327001034e-06,3.12244149748359e-07,-5.98646559086338e-07,-7.71738208002683e-07,2.07732743376248e-06,-1.51421172792995e-06,-6.34479268250643e-07,5.02000149311288e-08,8.56858289382155e-05,-2.74795719536781e-05,4.9060551677662e-05,-8.07193469918889e-06,2.61170244847649e-05,-0.000166945621559465,-1.41201691999415e-05,7.26313735223612e-06,1.04898271196516e-05,2.14475712227635e-05,9.03344947386179e-06,1.46765518750338e-05,-1.51560528737352e-07,3.36454019499083e-05,5.51597977876351e-06,-1.67178212983961e-05,-8.83131891308066e-05,2.64784318154618e-07,1.83579329048787e-07,3.51839363899425e-07,-1.11726536063207e-08,2.40141411087556e-08,1.93668282330274e-07,3.72049327151289e-07,2.50236846949684e-07,1.21223027075543e-07,-1.50645536768565e-07,8.56540978756458e-06,-0.000272302883214348,8.14735628154583e-05,-7.09268516564638e-05,-9.34424597200514e-05,-8.4454228529617e-05,1.45979308187189e-05,0.000112362746452882,8.4924613147192e-06,1.64176875666544e-05,2.77932082765765e-07,0.000360280865343659,-0.00141959832098431,-0.000568494107331606,-0.00185705343725473,4.1941260434255e-06,-2.17772101647498e-05,-3.68957461372427e-05
"east_of_england","beta14",3.35564229479531e-06,7.17513035675431e-05,-7.24534503499822e-07,5.16810553991687e-06,1.43427284532655e-06,-2.55406426711623e-07,-6.40369239873971e-07,2.6173245457581e-06,-2.0964050142293e-06,6.68244693352475e-06,-3.9579742062045e-06,5.52764133593116e-07,1.55498416357793e-06,-1.40355880798765e-06,1.54748734996704e-06,2.02440464526975e-05,2.32635990489644e-06,-1.11203915700894e-06,2.14556004023865e-06,1.40682330532996e-06,1.08246108190924e-06,-9.80580252261898e-07,2.46928155893556e-06,-1.0436544546939e-06,-8.33084838377826e-07,2.35037507778089e-06,-3.2026930352951e-06,7.09740461478355e-07,-1.83672085292225e-07,-2.12602874457243e-06,5.94527581647123e-07,-4.76274731371097e-06,3.82120239085624e-06,-1.08097538253463e-05,2.02152523479669e-06,-1.27535801070724e-07,-2.78786561023191e-06,1.305161421902e-06,5.50286755039298e-06,-4.92704915865469e-06,4.98549544610077e-05,-3.87328014771659e-05,4.93485266585051e-06,-6.62229143502053e-05,3.55743959066583e-05,-8.2288078852334e-07,8.11813933516055e-05,-3.99112440592967e-06,6.86734077897671e-06,9.20034649798111e-06,1.58061785409783e-06,-3.16271538196411e-05,-9.93739236989023e-06,2.27656661658058e-05,2.64172200005839e-06,7.30414567281583e-06,1.75279179670481e-05,-1.16626232658123e-07,2.93643217448191e-08,2.35224832902976e-07,5.84180252414745e-08,2.85568912043731e-07,-8.40193444732621e-08,-5.57053439067468e-08,-4.37872945490783e-08,-3.46357616808024e-08,-7.69318197557295e-08,-6.71419976131934e-05,4.0731787802223e-05,-4.11965969232636e-06,-5.15670027471319e-05,-5.58000609669258e-05,0.000138499579272662,-2.63300382317507e-05,4.36339385186752e-05,-0.000149173692858341,1.11493605941621e-05,3.26165608724063e-08,-0.00174468766760561,0.00445101382189047,0.000911338604655325,0.000657739893393278,-3.07578771664439e-05,1.87402274670721e-05,4.15464152560165e-05
"east_of_england","beta15",4.3001281997909e-06,-9.29798264220764e-06,-5.06112494717892e-06,4.40025540297847e-07,-3.8616941512723e-06,1.36763044834151e-06,-3.22004250461663e-06,-1.00099146570086e-06,1.5039800118481e-06,-3.9579742062045e-06,5.79105508614642e-06,-2.60708597020107e-07,-2.10579780500352e-07,2.06111873944811e-06,9.07603390000279e-07,-1.82114896260037e-05,-1.00790384648902e-06,2.24544009643606e-06,1.79980685727686e-06,-1.59189107788998e-06,1.66973902732686e-06,1.6407569863346e-06,-6.82464437254539e-08,1.86114532238714e-06,2.58156456134073e-06,8.66542791689707e-07,2.06070513334777e-06,1.25892754465317e-06,2.85140212422938e-06,2.81253451067599e-06,-4.35577295503204e-07,8.09062222026202e-06,-3.05392999178995e-06,1.22300143343081e-05,-1.21755286326574e-06,-5.85686540157597e-07,3.37130382209393e-06,-2.02219529377211e-06,-4.02490914352189e-06,3.58648489397924e-06,2.35762551768881e-05,9.22619372385851e-05,4.37452587382456e-06,6.19598963361662e-05,-8.59127708140125e-07,-1.76466081228466e-05,-1.72228347407204e-05,-8.20025922500292e-05,-9.38851404297801e-06,1.41150632986421e-05,3.33732640937364e-06,4.27841593321399e-05,1.35804897111265e-05,-4.92614216458966e-05,-1.76109009770252e-06,-1.94544413505739e-05,-5.47666364743375e-05,1.76859587702031e-07,-3.55596436065404e-08,-1.81250944830483e-07,-3.14901499919957e-08,-4.880444499813e-07,1.5253318479039e-07,1.06591709279506e-07,8.90559452471239e-08,-7.39883420553984e-08,-2.59873009627467e-07,3.46900677222757e-05,-5.15160771572966e-05,1.94137803201949e-05,6.74760887485441e-05,-3.45491482332619e-05,-8.46989412892077e-05,5.36438286265772e-05,6.71380338644532e-05,0.000133385715761142,-1.45748675282253e-05,6.5755784735211e-08,-0.000974660653215805,-0.00321139806268413,-0.00121135123406505,-0.00180368762706314,-2.06617729870828e-05,-4.60465994820338e-05,-4.01691900728152e-05
"east_of_england","beta16",-1.3006148324132e-06,-3.33976082122635e-06,-1.13684881391783e-05,-1.08336935361399e-06,1.34107144635511e-06,-5.08517250768198e-08,-3.7926498321362e-07,4.91445304282167e-07,-1.05459097732061e-07,5.52764133593116e-07,-2.60708597020107e-07,4.89563031938707e-07,3.81306466671427e-07,4.21221868487248e-07,3.6607820334554e-07,9.39082532440232e-09,5.43064533450261e-07,1.10378817200565e-06,-2.0331972698918e-08,1.55847257927375e-06,6.77313363033253e-07,4.32315453747449e-07,1.05223737822226e-06,7.9988974019058e-07,2.75726971238751e-07,1.78692856218327e-06,-5.27017846602996e-07,7.59555125357668e-07,8.34014956716836e-07,1.13766101955836e-07,-1.26348767958703e-07,4.19155176289984e-07,3.66741138086995e-07,-5.9087960668863e-07,4.35872532415904e-07,-2.89932360926702e-07,-7.52610594926151e-07,3.13194794247025e-07,1.16823436983716e-06,-8.50908054751519e-07,-1.56106443005704e-06,-5.19545968559204e-06,7.44310349797094e-06,-1.35581601668221e-05,6.48323002197037e-06,-7.76758847677649e-06,1.32359592052879e-05,-2.03669432316185e-06,1.26313580890674e-05,-6.42485447905344e-07,2.2519224826565e-06,-8.38196190864027e-07,1.34257369519811e-05,4.48599595858517e-06,1.33706209187898e-06,3.84314845828008e-06,-1.43158654585283e-05,4.09852685816233e-10,-2.71147078007745e-08,-5.97678727745132e-09,-3.00866054170056e-09,2.24436805342963e-08,-2.7385240581356e-08,-3.84469444261846e-08,-3.73141582438798e-08,-2.48924636029435e-08,-2.56434593400081e-08,2.00548540641375e-05,-1.41149569914804e-05,6.21505161286383e-06,-2.00238473869368e-05,-4.27377658989656e-05,1.58850673481155e-05,-1.32975830951559e-05,6.3496112931625e-06,-2.12245426906988e-05,-2.30354006035923e-06,3.92855815124263e-08,-0.00107170144654141,-0.000359874228358429,0.000270028594294272,0.000459021629643245,-2.02613218361945e-05,-1.21046984869865e-05,1.66741358280518e-05
"east_of_england","beta17",5.29662232216187e-06,2.53431133867114e-05,-6.60889192516138e-06,5.89096159232329e-07,3.35845412185276e-07,7.55871894675344e-07,-1.80743432176717e-06,1.4283854302868e-06,-3.66755496508874e-07,1.55498416357793e-06,-2.10579780500352e-07,3.81306466671427e-07,9.77963620835014e-07,8.2822298352921e-08,5.63503318371332e-07,7.23502054777276e-06,1.06878051987307e-06,2.93290097306905e-07,1.3818220255389e-06,3.92049536735356e-07,9.95932050321708e-07,-1.47260874384484e-07,1.5159995280638e-06,-3.97103441886545e-07,5.51148110119291e-08,1.5990038144822e-06,-1.43417387315285e-06,3.76329947066232e-07,6.93117477678765e-07,-9.37509709144053e-07,-1.94794054040399e-07,2.14419962077971e-07,-8.55070774202414e-07,8.87747338363428e-07,8.0339097522712e-07,-7.29985750773787e-08,-1.40971651726116e-06,5.79194015780496e-07,2.42231681644161e-06,-2.65029862813878e-06,9.93023996864914e-06,9.63752570995524e-06,1.32977902999388e-05,-2.00542979651875e-05,3.04694644458311e-06,3.15666705048508e-05,1.41021416845071e-05,-1.58188159148723e-05,8.45295246861191e-06,-3.5881807931405e-06,4.36134944994878e-06,-4.85055267242e-06,4.90807512226769e-06,-2.88243076281687e-06,-1.28702610300121e-07,4.67686198225473e-06,-4.64734167082635e-06,-1.3795106232372e-08,-5.80883057788212e-08,4.94533101225072e-08,-4.8999871162563e-09,-5.12491534959364e-08,-3.94481333889041e-08,-3.55878820674251e-08,-3.1544330884987e-08,-6.63871314567689e-08,-4.34590219617975e-08,-3.19001519173516e-05,-1.83956879705305e-05,5.72372668005248e-06,1.50903518752013e-05,-5.44821447525557e-05,6.0533218761606e-05,-1.15283877769328e-05,9.10259128819227e-06,-3.89851093976584e-05,-5.91893948610495e-06,5.60779166711922e-08,-0.00128952116914891,0.00140643058686434,0.000411041821397225,0.000245615871944534,-2.74986527029331e-05,2.7229850863161e-06,2.35852449008775e-05
"east_of_england","beta18",2.93963715352105e-06,0.000102467430216504,6.65921185139587e-06,-2.41244066815032e-06,2.01448390258331e-06,6.37983293840115e-07,-1.82653660358424e-06,1.55185236082686e-06,-4.53941465175649e-07,-1.40355880798765e-06,2.06111873944811e-06,4.21221868487248e-07,8.2822298352921e-08,4.04113556805197e-06,-3.89258746022534e-06,1.39316353261173e-06,1.71685766334375e-06,8.64467897518803e-07,-1.6428172156488e-06,2.38803245833265e-06,3.07951213053713e-07,3.46618383871849e-07,1.0166466239912e-06,-5.90667230253581e-07,1.32163552789873e-06,8.8075668253569e-07,-1.01585903213503e-06,-5.67544669884859e-07,1.1267308438633e-06,1.80700343840574e-07,7.33686395304561e-07,1.70333504927715e-06,-2.10778472143029e-06,8.02115326161931e-06,-3.04427976046031e-07,7.93526355420257e-07,-1.17779602197495e-06,4.29000498857025e-07,-1.55882062469304e-06,1.56564070301335e-06,-7.48329407974529e-05,6.41500128916166e-05,1.23826978161589e-05,7.77870792371722e-05,5.23790366453477e-07,7.44038540123042e-05,-5.80182583694375e-06,-5.0616105880551e-05,-9.76297245835348e-06,1.00091793148258e-05,7.97238318812985e-06,3.82910538070674e-05,4.59018445201756e-05,-3.88286555596049e-05,-8.80570641494556e-06,4.21765075730117e-06,-1.3316704969662e-05,-5.49670871218136e-08,-6.52170596831496e-08,-4.39555313531006e-07,1.86670727256303e-08,-3.51343175721242e-07,-2.94968265980256e-08,-1.18474985254889e-07,-8.05065032530745e-08,-2.1172094723908e-07,7.79708178704536e-08,2.23485087914897e-05,-3.37473192814688e-05,-5.54806488553244e-05,9.35765686263619e-05,-9.20579734365787e-05,3.24400463038506e-05,3.98534055522167e-05,-8.13575173148465e-05,0.000122281758843687,-3.4026443162543e-05,1.35113704765707e-07,-0.0012737351975695,-0.00431628454193566,-0.000694458801644389,0.000848972517058087,-3.04050704352115e-05,-1.06397064152162e-05,-1.1254458559199e-05
"east_of_england","beta19",-6.02624454122856e-06,-0.000256273052882447,-5.51873165088791e-05,3.8895947626973e-06,-5.54880111452951e-06,2.88690090534135e-07,-1.72625534585823e-06,-3.34463696459441e-06,2.6208095669945e-06,1.54748734996704e-06,9.07603390000279e-07,3.6607820334554e-07,5.63503318371332e-07,-3.89258746022534e-06,1.07344333068157e-05,-2.73618897702313e-05,-3.43167499923836e-06,4.40389331477621e-06,5.14908678428574e-06,-4.81542489076119e-07,3.63719509273783e-06,3.08167444383315e-06,7.20177294177898e-07,7.79754902764654e-06,2.04642419725054e-06,5.31239934641857e-06,3.67034799347046e-06,6.32800694809498e-06,4.81492324558146e-06,5.00757897239363e-06,-1.11859936799635e-06,7.11993217180364e-06,5.80875984653137e-06,-7.94679675776136e-06,3.06929948583927e-07,-3.24083253172355e-06,4.58033541307782e-06,-2.6828800641304e-06,1.55358645521059e-06,-1.21966865960548e-06,0.000235918558250544,-6.54920921413541e-05,1.53382571959514e-05,-0.000110062440034364,5.116518615135e-05,-0.000296863976172103,5.70458406641815e-05,-1.24229910268905e-05,3.82348067065398e-05,2.99651627690359e-05,-1.91790414643442e-06,-1.91891052664597e-05,-2.47408506078777e-05,5.21241806515339e-05,2.28442961458424e-05,-3.06897590475829e-05,-0.000118580315711908,4.69498372048441e-07,3.22149875912142e-07,8.31027105393402e-07,2.4988047195179e-09,3.28977490990031e-07,3.00177418041628e-07,4.94572067393201e-07,3.23648062998366e-07,3.06016651380087e-07,-6.07981382859019e-07,0.000104318895339387,-0.00014025619387585,0.00015097995379822,-0.000209125629750925,-0.000112620045824311,-0.000115766560425085,-2.2634158051183e-05,0.000336251395347317,-0.000155645354760663,6.01566752867439e-05,5.62905023496911e-08,-0.00198512572832409,0.0024593645520509,0.0001989956944769,-0.00284961234202067,-2.43075702421816e-05,-7.58579100133013e-05,-7.81233654271259e-06
"east_of_england","beta2",8.30444228220728e-05,0.00145232925599573,0.000279624976066974,-1.06822485422421e-05,-1.7471690302384e-05,3.40281486662813e-06,4.30135808098075e-06,1.8223142035913e-05,-8.56610551763963e-06,2.02440464526975e-05,-1.82114896260037e-05,9.39082532440232e-09,7.23502054777276e-06,1.39316353261173e-06,-2.73618897702313e-05,0.000367273727879047,2.08602538450586e-05,-3.58235472950102e-05,2.35467262822693e-05,-3.23124633646854e-05,1.52265375713999e-06,-3.00558140748387e-05,1.49256085409974e-05,-4.85441361492642e-05,-2.24581245176172e-05,-8.73367729199902e-06,-3.73398757529644e-05,-2.56887077304922e-05,-2.52533403933444e-05,-3.052885814054e-05,1.15492928552495e-05,-6.65427678631753e-05,7.27499532591709e-06,-3.4862225175491e-05,1.16356027972983e-05,1.24801061274889e-05,-3.20402878260359e-05,7.75265491755622e-06,4.21429816390314e-05,-3.7318338878237e-05,-0.000529208278622047,-1.93773160297123e-05,0.000319254215897949,-0.000215246819909228,-1.22028916164793e-05,0.00102049292833959,0.000197371106585194,0.000298784162554831,-6.74061992732152e-05,-0.000143661678601939,8.0865166953129e-05,-8.98512799306754e-05,-0.000139145734454591,0.000203541895392492,-4.10070606486764e-05,0.000139899927265549,0.000365998209657297,-2.64191124843014e-06,-2.98382338042815e-06,-2.78137093860383e-07,3.88660358236705e-08,8.99561282448595e-07,-1.42794606655443e-06,-1.8905950859367e-06,-9.76553252501472e-07,-8.46672343996771e-07,2.72337270314923e-06,-0.00205807330174296,-0.000590237795394067,-0.000117690202872136,0.000422038140180917,0.000259896692906661,0.00114468871904404,-0.000198612816927836,-0.000931119402783641,-0.00049212324366952,-0.000139808503925686,3.22783316819881e-06,0.00322799172267393,0.0266273835472308,0.00452905562799569,0.00504748712978987,-7.24457563405072e-05,0.00057328783062186,0.000195954555092029
"east_of_england","beta20",5.29372308808806e-06,0.000187493028552147,1.58733741316704e-05,1.01409637838645e-06,2.54524315145992e-06,-5.485641751227e-07,2.86573076505327e-07,3.08399252330344e-06,-2.17854758772421e-06,2.32635990489644e-06,-1.00790384648902e-06,5.43064533450261e-07,1.06878051987307e-06,1.71685766334375e-06,-3.43167499923836e-06,2.08602538450586e-05,3.99211533997969e-06,-1.0471049161552e-06,6.14331491869353e-07,1.40692477304403e-06,6.54853633957462e-07,-1.09545105973628e-06,2.82917373455751e-06,-3.19085806809169e-06,-3.44156168210379e-07,1.36038390019026e-06,-3.67277356754066e-06,-1.14845403574561e-06,-7.97306978384661e-07,-2.87725573621935e-06,6.16167695417722e-07,-3.85828620695841e-06,-4.57142539366426e-07,-9.4253474063839e-07,1.1494311614457e-06,1.02554118701765e-06,-3.41304482488724e-06,9.86010544441973e-07,3.83717798478249e-06,-2.53103625127865e-06,-9.89834969762577e-05,3.95380916610318e-05,5.87633206005534e-06,1.02360824440631e-05,3.4273462553196e-05,0.000153481390993205,5.24454912148624e-05,-1.39526624043539e-05,-6.04715211670409e-06,-1.23969972161269e-05,6.31800420175183e-06,1.08891232321149e-06,2.7306001331457e-05,-1.49603608105738e-05,-5.6808822248435e-06,1.99904241271878e-05,4.9799187820047e-05,-2.97778976012184e-07,-3.62108877415542e-07,-3.60138566573235e-07,-2.70436542009835e-08,-3.89472769292492e-08,-2.08645359977529e-07,-3.95165022057788e-07,-2.67854804882153e-07,-2.04011925816998e-07,1.52993116843617e-07,-8.08367779852368e-05,4.60027166405273e-05,-6.5087318357258e-05,5.06467117873754e-06,-4.71676934422927e-06,0.000134270350081231,-1.92794800534318e-05,-0.00011040345565638,-2.98290188907878e-05,-2.64507122755739e-05,-1.79375513941938e-08,-0.00165853729963227,0.00041026990566353,0.000592100751789455,0.00129031101486499,-3.87526478558108e-05,6.81101904822887e-06,4.89790938221271e-05
"east_of_england","beta21",-1.23755415891289e-05,-0.000178221947271914,-6.94788355496589e-05,2.56519868260175e-07,2.38755481987842e-06,6.96241118415267e-07,-3.36865263755611e-06,-8.52995392781729e-07,1.27541885627016e-06,-1.11203915700894e-06,2.24544009643606e-06,1.10378817200565e-06,2.93290097306905e-07,8.64467897518803e-07,4.40389331477621e-06,-3.58235472950102e-05,-1.0471049161552e-06,7.33642205692763e-06,-2.99141833122042e-06,7.5646776465748e-06,2.17696913319467e-06,4.53356284707638e-06,7.80812534597125e-07,9.03079949210776e-06,2.2281215280819e-06,6.53569086220472e-06,2.58552164591415e-06,5.03369907223775e-06,6.07013827127584e-06,3.73018208369397e-06,-1.24416399767933e-06,9.54959963553055e-06,6.11746316800571e-07,2.06769987918954e-06,-4.81405819664773e-08,-2.47254981311883e-06,2.3569574585871e-06,-5.36654319728177e-07,-1.25042333396816e-06,8.55953069840239e-07,7.35246428835258e-05,-3.10452948923489e-05,1.09503700587382e-05,-1.80883409151715e-05,1.73256597044324e-05,-0.000213888960789079,1.59693200842419e-05,-6.99615561930965e-05,3.86708866765201e-05,3.85415983044035e-05,3.49256718432754e-06,1.9472858847408e-05,5.45669545754168e-05,1.88369953693692e-05,6.97608167623561e-06,-1.2753821142285e-05,-0.000116466414965826,3.16815242562585e-07,3.35373138832863e-07,1.19890873391143e-07,-1.93034809333361e-09,-1.96649068559168e-07,1.48310838039508e-07,2.61717823433712e-07,9.67644462807284e-08,-2.8484892081826e-08,-5.41250873577583e-07,0.000230816001162779,-8.67312249571155e-05,5.82097648153805e-05,-5.95042235054641e-05,-0.000180648534988045,-9.58643680746653e-05,6.47093566137782e-06,0.000145994823730943,2.2418085403886e-05,8.51504860098761e-06,-3.68611530959992e-08,-0.00309315941372523,-0.00385231994753694,-2.18438635491931e-05,-0.000320386601473038,-4.5096432820187e-05,-0.000103146752523311,1.25524495374434e-05
"east_of_england","beta22",1.66400001044838e-05,6.17009396475851e-05,2.81602383216356e-05,-6.75276365827252e-07,-1.34309428860836e-05,-1.33802663426003e-07,3.26383538660781e-07,-1.04345087935971e-06,1.49264263739908e-06,2.14556004023865e-06,1.79980685727686e-06,-2.0331972698918e-08,1.3818220255389e-06,-1.6428172156488e-06,5.14908678428574e-06,2.35467262822693e-05,6.14331491869353e-07,-2.99141833122042e-06,1.83464062765424e-05,-1.27058369628842e-05,5.96351607290236e-06,-1.81314274583028e-06,5.64396715982564e-06,-3.85566760466534e-06,2.60715586046579e-06,2.84766337075932e-06,-5.17859042071033e-07,3.260007294408e-06,4.62426423774796e-07,3.69447672706134e-06,1.03397111329326e-06,-2.60888861286846e-07,6.28137837404769e-06,-2.48337243012421e-06,4.94469731745821e-07,-1.04419351000063e-07,1.32392094387686e-06,-5.15876498629041e-06,7.91757804004587e-06,-3.83160614731315e-06,0.000102209740813226,9.41800468451265e-05,2.49562356761763e-05,-8.52055673482425e-05,9.85968446511418e-05,0.000142699875275083,8.06835015079359e-05,5.69097003203592e-05,-1.99896395706539e-06,-2.4704106430784e-05,1.01058747712237e-05,-6.46904301390575e-06,-7.62945674862652e-05,7.91659071319263e-06,2.56357944953117e-05,-1.72349139891301e-05,-2.56763503218851e-05,1.15806812293372e-07,-6.81444512108552e-07,3.20408415415861e-07,-1.21133160890019e-07,4.56056208190285e-07,1.20301104711006e-07,-7.31846017819461e-08,7.43980645343069e-08,2.48047237520956e-07,1.11080771076074e-07,-0.000194849637757352,-0.000142173729999886,0.000104902488164221,-0.000257738776806693,-3.75066822885355e-05,5.52358068004852e-05,-3.47856413311645e-05,0.000258586152004767,-0.000227655632499213,3.12203073746439e-05,3.80124583690672e-07,-0.00175994109508687,0.00287643103470314,-0.000255633105034635,-0.00368409372429174,-5.4284249868708e-05,-2.21787545388392e-05,-1.39643208359257e-05
"east_of_england","beta23",-1.92499113533843e-05,-0.000107378647707019,-7.56523420672459e-05,2.50398161549932e-06,1.16565651217749e-05,3.69095171759327e-07,-3.24858203065836e-06,2.1125024553665e-06,-1.4366605548011e-06,1.40682330532996e-06,-1.59189107788998e-06,1.55847257927375e-06,3.92049536735356e-07,2.38803245833265e-06,-4.81542489076119e-07,-3.23124633646854e-05,1.40692477304403e-06,7.5646776465748e-06,-1.27058369628842e-05,1.69429436502636e-05,-1.28137794052166e-06,4.70797155672885e-06,-4.65832100775203e-07,9.12756107428435e-06,1.71141755587441e-07,5.84260439400583e-06,7.04891658349703e-08,2.72150525990664e-06,4.86499607324796e-06,-3.5752101308783e-07,-9.85348374000632e-07,5.13041411528928e-06,-1.39270110425845e-06,-1.32387841107168e-06,8.23367574710015e-07,-1.67328533320613e-06,-1.58976276795546e-06,3.61304974980617e-06,-1.63384815662659e-06,-3.66295556532302e-07,-1.6869995350012e-05,-8.0960918577409e-05,-3.22802106614143e-06,2.74871827394558e-05,-1.25344471570556e-06,-0.000175575946738378,1.13023040692812e-05,-9.29516146162862e-05,3.519213817797e-05,5.16760538835159e-05,1.5731216089708e-06,1.42079439870369e-05,0.000109827230332839,1.193992538374e-05,-1.07705639418844e-05,1.10316984467479e-05,-7.62457338065502e-05,7.14873803173936e-08,6.25224730348921e-07,-2.32930023996903e-07,6.47827021143143e-08,-3.05600712339761e-07,-7.98962630342488e-08,1.12278824628947e-07,-9.87503076928324e-08,-2.82193526133933e-07,-4.66184429581777e-07,0.000289528786767875,4.75239939285722e-05,-5.85844255786562e-05,4.60683317969276e-05,-0.000210964026473131,4.19117211475432e-06,1.16470809142216e-05,-4.42385837663475e-05,7.80428394111756e-05,-1.82048763220601e-05,-2.67235244426408e-07,-0.00310747839269648,-0.00463475667384519,0.000651960828571765,0.00258897259714162,-3.67910888243998e-05,-7.68251572391449e-05,5.4495773097977e-05
"east_of_england","beta24",1.98617095257435e-06,-9.48377717892666e-06,-2.07865633609483e-05,4.64525597217287e-07,-5.36441642923892e-06,5.10785682227417e-07,-1.85758362267373e-06,-5.27482702057699e-07,1.22428804488039e-06,1.08246108190924e-06,1.66973902732686e-06,6.77313363033253e-07,9.95932050321708e-07,3.07951213053713e-07,3.63719509273783e-06,1.52265375713999e-06,6.54853633957462e-07,2.17696913319467e-06,5.96351607290236e-06,-1.28137794052166e-06,4.22129348242826e-06,9.76082035697722e-07,3.27987480699426e-06,2.9303653562978e-06,1.65084497667739e-06,5.31276924873398e-06,-1.04713413830911e-07,3.66901485302031e-06,3.56968867884534e-06,2.85942381817196e-06,5.42278081969484e-07,3.2527465878381e-06,4.40006680689952e-06,-2.44172966657339e-06,6.71851967243876e-07,-1.19190955883032e-06,9.75551217642556e-07,-2.15080792041826e-06,3.52159939620999e-06,-2.01905701409723e-06,7.47541042391972e-05,1.13950969200088e-05,4.26181030730719e-05,-4.26611967838581e-05,6.6968951229585e-05,-9.43588791746365e-05,6.82307489765269e-05,-2.54852922653324e-05,1.76904637778237e-05,2.11735354619972e-05,1.21522709813543e-05,1.3356586395257e-05,8.84161208726572e-06,2.86709236151719e-05,1.19581463358884e-05,-1.27611042966129e-05,-8.21994373982561e-05,1.48852490046869e-07,-1.39980699914157e-07,2.39212979880266e-07,-2.56214147928172e-08,7.1238028458466e-08,1.24911583536278e-07,1.06308195176464e-07,9.78764289165046e-08,3.03109588977155e-08,-2.41448458830754e-07,-2.68941665993632e-05,-0.000200456858500546,7.46758289540115e-05,-0.000121889033691113,-0.000138763523033069,1.07703835585882e-06,-3.80054538943954e-06,0.000164121257967753,-7.44299875879711e-05,1.15461681255719e-05,3.17245490807595e-07,-0.00274320673780737,-0.000633919196512716,-0.000135602729495286,-0.00180153743022518,-5.62403658496019e-05,-5.62167567148873e-05,2.07778362371915e-06
