"region","name","alpha_admission","alpha_D","alpha_death_hosp","alpha_H","beta1","beta10","beta11","beta12","beta13","beta14","beta15","beta16","beta17","beta18","beta19","beta2","beta20","beta21","beta22","beta23","beta24","beta25","beta26","beta27","beta28","beta29","beta3","beta30","beta31","beta32","beta33","beta34","beta35","beta36","beta4","beta5","beta6","beta7","beta8","beta9","mu_D","mu_D_2","mu_D_3","mu_D_4","mu_D_5","mu_gamma_H","mu_gamma_H_2","mu_gamma_H_3","mu_gamma_H_4","p_G_D","p_G_D_2","p_H","p_H_2","p_H_D","p_ICU","p_ICU_2","p_ICU_D","p_NC_15_24","p_NC_25_49","p_NC_50_64","p_NC_65_79","p_NC_80_plus","p_NC_weekend_15_24","p_NC_weekend_25_49","p_NC_weekend_50_64","p_NC_weekend_65_79","p_NC_weekend_80_plus","p_W_D","rel_p_D_alpha","rel_p_D_delta","rel_p_D_omicron","rel_p_H_alpha","rel_p_H_delta","rel_p_H_omicron","rel_p_ICU_alpha","rel_p_ICU_delta","rel_p_ICU_omicron","rho_pillar2_tests","seed_date_alpha","seed_date_delta","seed_date_omicron","start_date","ta_alpha","ta_delta","ta_omicron"
"east_of_england","alpha_admission",1.16137131091456e-05,-2.28984344558232e-05,-3.29603362955907e-06,6.34186125466139e-07,-1.51778723964141e-07,-3.723948547949e-07,2.77648874785502e-07,2.45150123259378e-07,-1.59952858796848e-07,5.95062457487659e-07,-1.19314346123807e-07,7.61728104127904e-08,2.45827817649632e-07,-5.33634151554428e-08,3.12840698068618e-08,2.96418240760613e-06,5.17398657282339e-07,-1.74078203026635e-07,9.63524847032541e-07,1.409387931823e-07,1.04677065869819e-07,3.65618184795332e-07,2.60798200653405e-07,4.43090251942107e-07,1.15969557139433e-07,5.46919311688947e-07,-5.21544960206057e-07,3.39244480154663e-07,5.93655766654928e-07,1.6566202895369e-07,7.38573708798939e-09,3.98568721217141e-07,3.31412218973251e-07,-6.36999526577193e-07,3.3591743698083e-07,-1.88474139280963e-07,-1.61270325869418e-07,4.53566088843383e-07,-3.86061973585606e-07,3.33432401559319e-07,-1.88983856956069e-06,-7.62417771691912e-06,-1.12054784986831e-05,1.53378581080958e-05,-9.94367957348177e-06,1.16339229875978e-05,1.59227328246265e-05,1.36661550866689e-06,-3.41125017710601e-06,1.76864335102415e-06,-3.02612527983745e-06,-6.75685133909829e-06,-8.06713184112834e-06,3.98007876886162e-06,2.08927318844359e-06,-3.33022039846715e-07,3.0881363648035e-06,2.49651472455002e-08,4.77729389322246e-09,2.93564866533647e-08,-6.61498715736668e-09,-5.07163823098533e-08,-1.36361616758444e-09,-1.99403377779461e-08,-3.56035050139194e-08,1.39697316543491e-08,1.32992531681163e-08,-2.31809125930998e-05,6.21628097367091e-05,-4.25877367039003e-05,5.73487143590381e-05,1.0273219482818e-05,2.87268664549774e-06,2.52637592221529e-06,6.97377507630921e-06,-1.92982515332327e-05,-2.04436494762755e-06,-1.50818663723533e-07,-0.000269628391510426,0.000108168788613532,2.17450727081224e-05,-2.81555228738771e-05,-6.73933383797062e-06,-3.23550224909751e-06,-2.06773144610399e-06
"east_of_england","alpha_D",-2.28984344558232e-05,0.00104206438848965,4.08385241358408e-05,-7.37180627510721e-06,2.34416011934984e-06,2.09776144988097e-06,4.15868948921908e-06,-6.72500823677185e-06,3.81445881636616e-06,-5.16866083301399e-06,1.49724293130863e-06,-1.37156039188349e-06,7.71677802644035e-08,-1.79712112851842e-06,-2.70191853171948e-06,-6.45798213248058e-06,-4.15009188640923e-06,-8.45452593134909e-07,-1.29707575479531e-05,9.70617875904546e-07,-4.28621100359256e-06,-4.49088588142848e-06,-4.4248402832721e-06,-6.68316207548274e-06,-8.01658725148854e-06,-5.92256379973716e-06,1.1761738853498e-06,-7.73292253719978e-06,-8.81212875825792e-06,-6.48989390370477e-06,-3.79260397113766e-06,-5.63820532728146e-06,-6.30135069832212e-06,5.23112683181509e-07,-1.01096082215961e-06,1.13743704260498e-06,-1.5162206109529e-06,-1.91300317168499e-07,2.14939542779042e-06,-3.12855072144705e-06,-2.72704321813827e-05,-1.17174010449543e-05,-6.74890660828584e-06,-0.00013346645044247,1.59093760738458e-05,3.2207924135381e-05,-6.03010721767521e-05,2.41499685176826e-06,2.54928756325797e-05,-5.22717667756459e-05,-1.46450881755157e-05,5.24672288669701e-06,3.50722727534518e-05,-9.02989149745819e-06,-2.84217395448221e-06,1.15992789464462e-05,0.000120625570623166,-3.31713394796038e-07,-3.0068387705909e-07,-7.6509932825953e-07,-3.83525679432368e-07,-1.06719180754131e-06,-4.18603819605814e-07,-2.62181345833838e-07,1.39094434869654e-08,-1.99025320404121e-07,-8.00233273050414e-07,2.44129103018582e-05,4.89119251883417e-05,0.000240026460039305,-0.000246557994616398,0.000235299120561816,2.77387961648463e-05,-3.94250116356355e-05,-0.000128080653962343,0.000123315489059498,1.63458364492853e-05,-5.12838881762694e-08,0.00178714965964984,0.00297591815594308,0.0007732735459142,0.000818341036735373,3.24090606776021e-05,0.000148685429781054,7.49924538138056e-05
"east_of_england","alpha_death_hosp",-3.29603362955907e-06,4.08385241358408e-05,4.33076892289882e-05,-2.06544507964712e-06,-5.5600164635042e-07,-9.13893001154607e-07,1.89830138443869e-06,-1.69540839873118e-06,8.56943204292337e-07,-1.60273457643804e-06,7.69147425353107e-07,-1.41477091922418e-07,-2.90562712325801e-07,1.83959224946997e-07,-1.65486335718686e-08,-7.72424075902693e-06,-1.28772419808913e-06,5.61762770507577e-07,-3.91448794200864e-06,5.69125861016299e-07,-6.74745401450993e-07,-1.03231945048757e-06,-8.82813954490948e-07,-8.9362905725509e-07,-1.40053825245784e-06,-1.68071883584572e-06,1.44308527237507e-06,-6.23717090401962e-07,-2.073193735084e-06,-1.53476026576683e-06,-9.5699152655213e-07,-1.41545183907201e-06,-1.11462995868978e-06,-7.82650941349288e-07,-8.50213205778921e-07,7.18206785447156e-07,-1.67118143375431e-07,-7.2566993713035e-07,4.84938943524673e-07,1.1072464495551e-06,1.67772890597843e-05,2.49502214948937e-05,-1.34876331812343e-05,-3.04156007476514e-06,3.11876477681285e-05,3.87815374252684e-05,-3.00441303209921e-05,-2.12083645782777e-06,7.13078762698189e-06,-1.21335859203989e-05,2.35900135123171e-06,2.68069475594664e-07,-7.61980917995651e-06,-8.09941238991607e-06,-1.61252800488669e-06,4.50459678742415e-06,-2.18522236042956e-05,-3.13099289245222e-08,-2.72386874691411e-08,-1.08892144723228e-07,-5.52057153919503e-08,-3.30189709464657e-08,9.53603643447182e-09,5.49007559115196e-08,-1.42378771521418e-08,-3.88546192577823e-08,-1.04949556362091e-07,-5.31153285388013e-05,1.12575160304966e-05,1.58102989430088e-05,-6.42059726427458e-05,3.57953478579081e-05,-5.08615915047553e-06,-6.1345612938709e-06,-3.20363817288852e-05,3.14673515534491e-05,3.60897190774523e-06,7.49027665631924e-08,0.00036906360929017,0.000759312849018929,0.000367619287137824,-0.00031298171417384,9.61937879767113e-06,2.84164612686967e-05,2.8184682505444e-05
"east_of_england","alpha_H",6.34186125466139e-07,-7.37180627510721e-06,-2.06544507964712e-06,9.75235672038914e-07,6.88552525584938e-08,-3.98102992505059e-08,-1.17165130811877e-09,1.11755221689197e-07,-1.61913985068776e-07,2.91559292622293e-07,-1.78766179725291e-07,9.11033560132045e-09,4.74439079968481e-09,-6.48955104060256e-08,2.56767830595431e-08,1.71572121519746e-07,8.92710077508464e-08,-6.62501808443783e-08,3.55662451931684e-07,-4.43059842580983e-08,3.09162620016487e-08,6.19198399841257e-08,3.92419539234103e-08,1.18354248284651e-07,1.06657290201461e-07,6.73744682908818e-08,-1.14294837573091e-07,6.37020962239676e-08,1.62371484452277e-07,-7.18476925118066e-09,1.27856815941404e-07,-6.63945415338684e-08,2.78392602462164e-07,-6.39747901650205e-07,7.39737391728335e-08,-5.00298528998874e-08,-3.64295761378302e-08,1.78823159916331e-07,-2.38338569149792e-07,-1.79315309451921e-08,-5.52525236539471e-07,-2.21415851007984e-06,2.73924241844227e-06,3.43514957664103e-06,-3.61408238118278e-06,-6.06789934948175e-06,6.92450970256327e-07,3.76038890050509e-06,-2.36225226575975e-06,2.11740428802356e-06,1.6597051410297e-07,8.79443308674083e-07,4.62582588865974e-06,1.37973132914351e-06,5.64856375229528e-07,-8.13437708587425e-07,-4.61718944504539e-06,8.47003089630427e-09,9.45324741414735e-09,1.19831780838334e-08,5.77446610214403e-09,3.50762725660976e-08,4.8844588154152e-09,5.1925474816492e-09,2.12150470038684e-09,6.97826994043135e-09,-7.98169118881777e-09,1.00363580075134e-05,-4.89587779915477e-06,-6.38103981889818e-06,1.20114834646418e-05,-8.91443193948966e-06,3.70950618891382e-06,-1.62720524563636e-08,6.62141319981886e-06,-5.75282329613822e-06,-1.44992233447854e-06,-1.70210512133949e-08,2.28591578415722e-06,1.27148395738161e-05,-1.34440015286971e-05,2.86421194799414e-05,-2.69624408021071e-07,-2.22689010174048e-06,-1.06984058339758e-06
"east_of_england","beta1",-1.51778723964141e-07,2.34416011934984e-06,-5.5600164635042e-07,6.88552525584938e-08,7.17462900306807e-07,1.28516275387315e-07,-1.41958761306747e-08,4.84299414606457e-08,-2.46312391663365e-08,-1.87466621882197e-07,5.3736877531587e-08,-6.71915184359198e-08,-1.74324473124701e-08,-7.81671298044288e-08,-9.03922539156887e-08,-8.70878824622936e-07,-1.72958105143367e-08,-1.03695386097256e-07,1.03946226245057e-07,-4.44254316727971e-08,-4.25981209280746e-08,-5.37893510060676e-08,-5.21616735010838e-08,1.03233036337769e-09,-1.97097448223251e-07,2.23640554844505e-08,-1.35095147345449e-08,-6.97474673453086e-08,-8.38321879001299e-08,-1.34305722360821e-07,3.21248702805874e-08,-1.17753753941274e-07,-1.8277077358011e-08,-9.3328078513095e-08,2.13354732071026e-08,2.84023346376197e-10,-1.42393612752953e-08,7.1703784605603e-09,7.91781984938346e-08,-1.96182988576419e-07,2.47649454625399e-07,-9.19365091024344e-07,-1.28108633500189e-06,-3.5876883511581e-06,-1.27284892645489e-06,-2.24757083517911e-06,1.82349378818286e-06,-7.26499056072928e-07,-4.65036994814463e-07,5.16130023486071e-07,-6.74596870095286e-07,-6.67683016657739e-07,-4.07198433440141e-06,-9.45287001007566e-07,2.76233932645051e-07,1.26666233153409e-07,2.15666373383331e-06,-4.16276453075223e-09,3.85609296123514e-09,-1.03870025093864e-08,2.03267921932132e-09,-2.14861901070387e-08,-7.35694783452556e-10,-3.94586909227847e-09,4.69217205704709e-09,1.88301502351228e-09,-1.85636780740812e-08,3.84162275249873e-06,4.73810958344922e-06,3.8913823119386e-06,4.90511396477281e-07,2.69903929583425e-07,4.53564307712525e-06,6.88261180244669e-07,-9.21827412704468e-07,-1.17737947733406e-06,5.74584111270755e-07,1.91971418000852e-09,0.000161688843733419,-6.45326522937223e-05,-8.42444846747192e-06,0.000207468896333627,3.09578788791862e-06,-1.08334615868407e-06,1.65166992351492e-07
"east_of_england","beta10",-3.723948547949e-07,2.09776144988097e-06,-9.13893001154607e-07,-3.98102992505059e-08,1.28516275387315e-07,4.43871258668856e-07,-3.91298923753688e-07,1.09980660836039e-07,-3.54102786475424e-08,-3.65166612903366e-08,-2.22124613959078e-08,-5.96056016148351e-09,-3.42387264530624e-08,4.68790282955084e-09,-8.34028241709444e-08,5.21232517983382e-07,4.17520638791167e-08,-8.47982132944604e-08,1.28036018517146e-08,1.23784357410535e-08,-4.42904798911063e-08,-1.89272576138246e-08,-1.44457063746656e-08,-6.77751747190465e-08,-7.38335385952747e-08,5.42110254614701e-08,-5.57187376091832e-08,-1.07016249206709e-07,-2.20896383211689e-08,5.19260333543065e-08,-3.43470094620597e-08,9.4128779890373e-08,-4.77369994978526e-08,3.2914615581699e-08,2.01025561368951e-08,4.13890008481225e-09,-5.25777293025058e-08,4.71340560898093e-08,1.28765182164222e-07,-5.11227902511606e-07,-4.51756022699644e-07,-2.51043697112706e-06,-6.13527854782952e-07,-1.34837577657096e-06,-1.66112975442423e-07,-1.63503723779506e-06,-9.92814169639008e-08,-2.94384052113662e-07,2.60562344005055e-07,-2.75988255612417e-07,-3.98040171196138e-07,2.82224036808133e-07,-1.98777719937427e-06,9.18778377379443e-07,4.52233735057189e-08,-1.97292963681169e-08,3.28501512453978e-06,-3.75181876146075e-09,-2.36210333267731e-09,-7.48553046171289e-10,5.00213275813089e-09,-1.44304367660352e-08,-1.00053738281517e-08,-1.22152153824171e-08,5.91963788268176e-09,1.75507355357115e-09,-1.47282183180992e-08,2.582696076907e-06,1.21448921721164e-06,1.31113968546652e-06,-2.09559199683726e-06,3.0336067622296e-06,-1.33532523507567e-06,1.10733834728529e-06,-1.31533247107713e-06,2.14596149554762e-06,4.03025940656624e-07,-1.01726140233992e-08,6.40087365348519e-05,9.29532589881016e-06,-3.90836862524989e-05,6.34171280992612e-05,1.02772515166348e-06,3.89305660909162e-08,-1.95019907525644e-06
"east_of_england","beta11",2.77648874785502e-07,4.15868948921908e-06,1.89830138443869e-06,-1.17165130811877e-09,-1.41958761306747e-08,-3.91298923753688e-07,7.42514740742606e-07,-4.08877981254354e-07,1.39548594670825e-07,-1.33715162301779e-07,3.87372151228884e-08,-3.36196800898594e-08,-6.72236128110905e-09,-6.21934047307146e-08,6.1513048699521e-08,-5.47126803967984e-07,-2.25239116014906e-07,1.09300407444247e-08,-2.89512924017785e-07,-8.6148861028541e-08,-1.21117577939258e-07,-1.49921985626564e-07,-1.5019141337024e-07,-1.58083455877613e-07,-2.09702280389907e-07,-2.71932880191779e-07,1.03076421828e-07,-1.43835569254922e-07,-2.86878448366707e-07,-3.46290787587932e-07,-9.26383743907165e-08,-3.70597673819013e-07,-6.25779769402247e-08,-4.05032220545161e-07,-4.40892358331737e-08,1.43768924018209e-08,-2.12396070106693e-08,-7.65198782851178e-08,7.03263404041641e-08,3.07231522286733e-07,-3.13107272005605e-06,1.06560432595509e-06,-3.01681448396211e-08,-2.50251976834444e-06,9.25476090085057e-07,3.67018313546742e-06,-9.48541928418356e-07,3.14863622110594e-07,1.24021982637126e-06,-7.26030867513172e-07,3.82721245566601e-08,2.60908590356397e-07,4.48476685216191e-06,-7.33272267019161e-07,7.22605874149588e-08,2.10140165958292e-07,-3.14741264165076e-06,-5.35398775552478e-09,-5.80161489050868e-09,-1.28249373407547e-08,-1.10191800516466e-08,-1.08670203211957e-08,8.03495010068491e-10,1.06734962136042e-08,-2.60516518612661e-09,-4.8566070177404e-09,-7.84054137662981e-09,-5.11722316126469e-06,4.09380208198271e-06,4.5853041820835e-06,-4.01427673719989e-06,2.7105328688976e-06,-6.50675761126927e-07,-2.60020886513263e-06,-1.96307391844232e-06,4.08071884226121e-06,7.66084477014249e-08,-6.48677888739046e-10,6.20252498060388e-05,0.000146721063343922,8.92142649210149e-05,-8.23227208510115e-06,9.44181544468343e-07,5.01088199062825e-06,5.59470507630529e-06
"east_of_england","beta12",2.45150123259378e-07,-6.72500823677185e-06,-1.69540839873118e-06,1.11755221689197e-07,4.84299414606457e-08,1.09980660836039e-07,-4.08877981254354e-07,4.02191388687915e-07,-1.97920941961687e-07,2.04231849383381e-07,-1.00055860307046e-07,2.14690444711795e-08,5.69276228463712e-09,4.42665991797624e-08,-4.44581499911771e-08,3.89439361679924e-07,1.94424832866078e-07,-3.26130517452346e-08,3.45341995002512e-07,5.7742486906996e-08,1.08045795528799e-07,1.44264569448031e-07,1.03624661152518e-07,2.23644414865192e-07,1.6260456405903e-07,2.53349755236958e-07,-1.03025024855449e-07,1.54992159531647e-07,2.6346408516858e-07,3.44687494090661e-07,1.02913785683088e-07,2.86785698300431e-07,1.5692033799517e-07,1.94680558808985e-07,5.94635384932885e-08,-4.63554248062571e-08,6.39993599406037e-08,6.7112905997296e-08,-1.12669354356157e-07,-6.00760419461201e-08,2.79696752385345e-06,4.40317426012887e-07,1.46863468003306e-06,4.37759439292723e-06,-1.26835597077126e-06,-4.54670538231995e-06,1.8597497925743e-06,-8.04969087837352e-07,-1.58708819911263e-06,4.44824791874516e-07,3.42831643422481e-07,-1.20392755203861e-06,-4.57243507503197e-06,8.79646070830147e-08,8.72815795753328e-08,-2.42659837438693e-07,8.94178991410948e-07,5.84198433590687e-09,6.69529583156866e-09,1.63789198294539e-08,9.85379198259177e-09,1.83017891144011e-08,4.78272706067061e-09,-1.95431988801452e-09,-7.88884801517721e-10,4.9727618868984e-09,1.59975715254052e-08,3.91116273512004e-06,-9.69026597619925e-06,-6.00687633739089e-06,8.51782325797076e-06,-5.59298872708245e-07,1.06322419513271e-06,1.91104786768606e-06,2.02231023689592e-06,-5.52758480818919e-06,-1.88352232839325e-07,3.65653975966899e-09,-9.69145076816251e-06,-0.000153255895556023,-8.09419782089264e-05,8.79504008244573e-06,-1.72222204128329e-07,-5.02082953782925e-06,-5.40129732083869e-06
"east_of_england","beta13",-1.59952858796848e-07,3.81445881636616e-06,8.56943204292337e-07,-1.61913985068776e-07,-2.46312391663365e-08,-3.54102786475424e-08,1.39548594670825e-07,-1.97920941961687e-07,1.64604453538798e-07,-1.73140781389889e-07,9.66565821302471e-08,-1.04460579210524e-08,1.04438199572717e-08,-3.5081513310592e-08,3.53030585775895e-08,-3.87236486335689e-07,-9.75689057814907e-08,5.09963588777124e-08,-2.02873634276068e-07,-2.50683473779028e-08,-3.95777001058736e-08,-4.39530611003053e-08,-3.6219375542267e-08,-1.00741101670585e-07,-7.45462559323e-08,-8.85559618059836e-08,5.68603083311748e-08,-6.23438601995675e-08,-9.75249401974853e-08,-1.73642902716181e-07,-4.61020478338451e-08,-1.17796961212264e-07,-1.03536382515031e-07,1.70040617153928e-08,-2.87118067658233e-08,2.98506394685362e-08,-2.68976901782404e-08,-7.07905906451617e-08,1.10960462404809e-07,2.00267540779279e-08,-8.35507746313029e-07,9.06796638056093e-07,-1.04363909024263e-06,-2.28964776498527e-06,1.14199153895855e-06,4.33372932803107e-06,-8.74217183013927e-07,1.01030591592256e-07,9.63872080144299e-07,-1.25844060561303e-07,-9.06259438517754e-08,5.17027810678442e-07,9.73819880698786e-08,-3.08865270961425e-07,-8.4240571727804e-08,2.41780968227103e-07,1.2313009364444e-06,-2.16807382527202e-09,-2.64788877984426e-09,-1.12334502262786e-08,-3.9693466583736e-09,-1.70408412526195e-08,-2.97672919007411e-09,-4.17411212106786e-11,3.09147374064299e-10,-2.05191218340702e-09,-1.93446733886554e-09,-3.00185980792082e-06,2.60415504204466e-06,3.63476102312156e-06,-4.82664896786207e-06,-9.29940161978724e-07,3.75525621610654e-07,-2.86399444006409e-07,-1.88183048933231e-06,2.98427815245385e-06,3.17256922045089e-07,-3.37519002103639e-09,8.28866813072674e-06,3.6920095933708e-05,4.32177234616189e-05,-1.86236748278547e-05,-5.54167034371477e-08,1.97483239120902e-06,2.69806884153199e-06
"east_of_england","beta14",5.95062457487659e-07,-5.16866083301399e-06,-1.60273457643804e-06,2.91559292622293e-07,-1.87466621882197e-07,-3.65166612903366e-08,-1.33715162301779e-07,2.04231849383381e-07,-1.73140781389889e-07,4.37359124254857e-07,-2.43412656211883e-07,6.37518737036033e-08,1.3322304646476e-08,5.11220755216615e-08,2.58152121234457e-08,7.29762683547553e-07,1.30314348477753e-07,-1.49629019998629e-08,2.12599283277482e-07,8.81480638714247e-08,2.35419425511215e-08,1.08901246726087e-07,3.69190279859693e-08,1.7081024569095e-07,1.25057604765857e-07,1.18341779923458e-07,-8.70409331514453e-08,9.1946455260462e-08,1.72117910564025e-07,1.92566883411409e-07,7.09351974923646e-08,1.34100298911205e-07,1.52293805190387e-07,-6.62458161570841e-08,4.41938250664206e-08,-5.09742906939901e-08,1.9022344279684e-08,1.26543877774469e-07,-2.16095809997611e-07,6.85757275364577e-08,3.67010700196725e-07,-1.11724526193161e-06,7.58870024960496e-07,3.45777179813084e-06,-2.88281710494802e-06,-1.64390748871775e-06,1.18422489402785e-06,1.67432502024585e-06,-1.63356856025661e-06,1.30060416424964e-06,-3.93613146009602e-08,-1.04095825902284e-07,3.75527655834596e-06,1.15287836868314e-06,5.10934313743472e-08,-3.41571213357955e-07,-2.68698157684671e-07,4.52722445759676e-09,4.41472925405888e-09,1.19999426090212e-08,3.20900157169496e-09,1.41924348579111e-08,4.57477368834072e-09,6.98670921814506e-10,-1.38493800217579e-09,5.02644704326263e-09,1.17250631829189e-08,2.07344543080562e-06,-9.50235969097015e-08,-6.86865285643648e-06,8.38719421084517e-06,-2.50146937436477e-06,-3.06263169301032e-07,-1.07229976282109e-07,3.40537610187121e-06,-4.82303730568752e-06,-1.1339715528813e-06,-1.89500750969829e-09,-9.62388066792051e-05,4.97362489625955e-05,-4.23973760488319e-05,-4.00120038703594e-05,-2.29207311807581e-06,-9.11091415432169e-07,-2.91555732266206e-06
"east_of_england","beta15",-1.19314346123807e-07,1.49724293130863e-06,7.69147425353107e-07,-1.78766179725291e-07,5.3736877531587e-08,-2.22124613959078e-08,3.87372151228884e-08,-1.00055860307046e-07,9.66565821302471e-08,-2.43412656211883e-07,3.13330247144662e-07,-1.56659359807698e-08,4.38848097247118e-08,3.56834391835883e-08,2.54802738816182e-08,-5.47789710655465e-07,-9.53934699539056e-09,1.07975544485393e-07,-1.57483487382492e-07,1.37143204631718e-07,5.49783165664409e-08,-4.16927803647382e-09,7.89739677972883e-08,-2.37382486236169e-08,8.17076505807006e-08,-2.05968899011294e-08,5.53485191227495e-08,9.72692580205814e-08,4.28352245081723e-09,-4.97999565389762e-08,4.29998234378102e-09,-1.52304712022454e-08,-5.2887408716024e-08,1.51000567921433e-07,-2.22975013010178e-08,2.58460387566397e-08,1.50951471512754e-08,-1.10716410097329e-07,1.34437049056652e-07,1.20185948215047e-08,2.39004301928863e-06,-6.88948244738997e-07,-1.11618244571977e-06,-2.34990394781793e-06,-4.29362370237487e-07,4.16721567665921e-06,-7.46261531382263e-07,-6.88615631133791e-07,7.28800750353379e-07,-5.39543795879015e-07,-2.44240890444115e-07,2.21601089246818e-07,-1.47635568579297e-06,-1.29961454519846e-06,-8.5783422758827e-08,1.38101995155184e-07,-3.23285188630304e-06,-1.08692012467374e-09,-7.37490427573321e-09,-6.44603701928979e-09,-1.74479457645776e-09,3.26726614558701e-09,-1.39015278503632e-09,1.83635727721836e-09,1.41644194680932e-10,-3.18254290986193e-09,-2.61969364296436e-09,-1.23856027597167e-06,1.19734605351852e-05,2.08672816040307e-06,-2.72653995573123e-06,-1.35191790714771e-06,2.65073494320991e-07,2.81855043678844e-07,4.1867322241588e-07,1.06651915449277e-06,-3.07206073387416e-07,-2.01255108672125e-09,-9.51120251504639e-05,-7.27224028007975e-05,3.7540212787858e-05,-1.30611699526987e-06,-1.28936557643275e-06,-5.03817080276101e-07,2.36371473621077e-06
"east_of_england","beta16",7.61728104127904e-08,-1.37156039188349e-06,-1.41477091922418e-07,9.11033560132045e-09,-6.71915184359198e-08,-5.96056016148351e-09,-3.36196800898594e-08,2.14690444711795e-08,-1.04460579210524e-08,6.37518737036033e-08,-1.56659359807698e-08,3.03955029764586e-08,3.30015904289085e-09,3.74430278556208e-08,2.52394177761993e-08,-7.49960157277986e-08,2.64918438929706e-08,2.60045248188257e-08,4.02093986226435e-08,2.29162212420127e-08,1.70028744425699e-08,3.76914725167443e-08,1.99813182237765e-08,4.46787195719924e-08,5.76775403195601e-08,2.17485776361549e-08,1.10318117949794e-08,4.30597555179755e-08,5.62283038489796e-08,2.82131859999651e-08,1.69935146141386e-08,3.39662190017407e-08,3.04387758367399e-08,1.2624780227715e-08,-5.1232155523083e-09,-9.53631200837496e-10,5.75259350409412e-09,-7.2720901605836e-09,-4.01190750804928e-10,1.1518878386596e-08,5.8266330177826e-07,8.53258787589091e-08,-3.42004513014092e-07,1.62560231748493e-07,-6.24892553578203e-07,1.75415224241625e-06,-1.00592104363459e-07,5.51166023391306e-07,-1.92166979750449e-07,2.71629432991162e-07,-6.22817971506546e-08,2.19406040792613e-07,1.01448958070748e-06,1.08640549447591e-07,-9.39626649131355e-08,-4.72318504665513e-09,-1.5943101250661e-07,1.71633835656374e-09,-4.59689109283251e-10,2.42144077552832e-09,2.33332032369387e-10,3.45522190785047e-09,1.76435135495263e-09,1.42436667342734e-09,-4.82666890150548e-10,8.40549098193149e-10,5.50699864326693e-09,5.98947686484297e-07,2.66123349704077e-06,-1.37770047738189e-06,6.05458249028657e-07,-2.28219112066436e-06,-7.54291984786737e-08,4.80774889115894e-08,2.6293870502948e-07,-4.8900871481655e-08,-3.27452746149395e-07,6.56781730058286e-10,-5.46516963720723e-05,7.11275937087381e-06,3.1072990653055e-06,-2.54271836841164e-05,-1.1207512725283e-06,-1.86918783370046e-07,-5.81403880885802e-08
"east_of_england","beta17",2.45827817649632e-07,7.71677802644035e-08,-2.90562712325801e-07,4.74439079968481e-09,-1.74324473124701e-08,-3.42387264530624e-08,-6.72236128110905e-09,5.69276228463712e-09,1.04438199572717e-08,1.3322304646476e-08,4.38848097247118e-08,3.30015904289085e-09,3.90140748866897e-08,-1.17775176126116e-08,1.721171980753e-08,1.11238610182084e-07,3.16278496037239e-08,3.59647331877405e-08,-2.87497573290517e-09,7.90405498555675e-08,1.98151949547055e-08,4.07485742687712e-08,2.7591833707029e-08,4.84697768380151e-08,5.13611513923083e-08,5.07483138950914e-08,-1.69684657420348e-08,4.5969093224624e-08,5.94675867794015e-08,4.14441749895221e-08,1.94617932125935e-08,4.3291530485271e-08,2.34256490026229e-08,4.83434306232981e-08,7.40802352804928e-09,2.8461397646878e-09,-1.67530060810963e-08,1.74953855864932e-08,-1.96989840674281e-08,2.92038026369492e-08,4.89138703400422e-07,-2.92458578512578e-07,3.24124264311035e-07,2.52562433290473e-07,-3.87026793222831e-07,1.08824970859447e-06,2.6253593397042e-08,2.72452007171159e-07,4.07672053785589e-08,2.94795865075871e-07,1.33584201417219e-08,8.64224238883596e-08,3.42146121275317e-07,2.80638200295613e-07,3.14305357702239e-08,3.99992678999964e-08,4.06403960399111e-07,9.71618132291209e-10,-7.64751988154281e-10,-2.52967978780653e-09,-5.95171756195079e-10,-1.95069566859904e-09,-6.31348047553192e-10,2.62897680798038e-10,-4.27102581544524e-10,4.89845652556472e-10,4.54337497922977e-10,3.08728387623219e-07,-9.03468192608675e-07,-5.67060244153133e-07,1.37242518755728e-06,-1.65206331156792e-06,4.38092348643935e-07,1.45309788386948e-07,3.49857555704536e-07,-9.43594001257475e-07,-3.01669945330484e-07,-5.67238407757395e-09,-5.74373244331254e-05,-2.97951768597351e-05,-3.74900910172016e-06,-2.59311999933188e-06,-1.10191624273427e-06,-5.33802387108133e-07,-2.73347514757192e-07
"east_of_england","beta18",-5.33634151554428e-08,-1.79712112851842e-06,1.83959224946997e-07,-6.48955104060256e-08,-7.81671298044288e-08,4.68790282955084e-09,-6.21934047307146e-08,4.42665991797624e-08,-3.5081513310592e-08,5.11220755216615e-08,3.56834391835883e-08,3.74430278556208e-08,-1.17775176126116e-08,1.4503580426824e-07,-2.17756892574989e-08,-2.43628517381134e-07,2.34412924181755e-08,2.15005186866851e-08,-7.90318760679512e-09,5.02478943512267e-08,8.39789350606918e-09,1.49359592611842e-08,2.254065022769e-08,2.01751435404477e-08,6.52343692687328e-08,-3.9302390225892e-08,3.84383774878193e-08,5.95560947219362e-08,6.82728920569661e-09,6.39087081087446e-10,4.17253428355525e-09,-2.57922535944806e-08,1.66185347574229e-08,3.94773914880412e-08,-1.69983600399779e-08,-1.08367618339023e-08,6.01385166601215e-08,-7.2096759656242e-08,2.49257036105862e-08,4.80824105021851e-08,2.00285112744211e-06,-8.41518520188025e-07,-1.96034993070171e-06,-1.68588384420435e-06,-2.89538020515679e-06,4.49688263678163e-06,1.83206006519831e-07,-9.07965104469481e-07,-2.94656528900859e-07,-1.21629600159096e-07,-4.07178145916461e-07,1.00185450746612e-07,1.34077336885633e-06,-4.28777914015011e-07,-1.91727176351023e-07,8.1975051203886e-08,-2.38059564334376e-06,5.76119988129243e-10,-9.38661169292022e-10,4.06746559369027e-09,-1.49136407916578e-09,9.24345765841042e-09,3.38132613281412e-09,1.69499334907023e-09,2.63993815835291e-10,4.76930981833095e-11,3.52800849937829e-09,-1.44674780462548e-06,1.53689338538979e-05,-8.47802512473866e-07,6.19688414958236e-07,-3.44190688465565e-06,4.92067490661368e-07,-2.71674592874293e-07,5.86166013050685e-07,2.40231147205553e-08,-3.10495084383005e-07,1.19683289660109e-08,-8.2925292518445e-05,-1.22204749896352e-05,1.84002774312206e-05,-3.56069483841105e-05,-1.36653024573589e-06,7.13280678761999e-07,9.30861654990517e-07
"east_of_england","beta19",3.12840698068618e-08,-2.70191853171948e-06,-1.65486335718686e-08,2.56767830595431e-08,-9.03922539156887e-08,-8.34028241709444e-08,6.1513048699521e-08,-4.44581499911771e-08,3.53030585775895e-08,2.58152121234457e-08,2.54802738816182e-08,2.52394177761993e-08,1.721171980753e-08,-2.17756892574989e-08,1.3610821358448e-07,-2.7062172942509e-07,-1.28914362433421e-08,1.04335472894509e-07,1.80398160034515e-08,1.15110483516727e-08,8.42566836242774e-08,4.48296956951578e-08,6.53128088567431e-08,8.76344768840751e-08,8.37460647703287e-08,7.60153500367058e-08,3.04551228793899e-08,8.60528478239773e-08,1.26127566787855e-07,5.27630332600367e-08,3.96909748957604e-08,1.04392690795881e-07,4.22203739098725e-08,6.15957762166162e-08,-1.08790295879248e-08,8.69198590289838e-09,1.73784641042687e-09,-3.73517075421625e-08,4.48418890105567e-08,3.61771353969338e-08,3.19691518593962e-07,1.5617449086717e-06,5.22700310849274e-07,1.80955894634711e-06,1.06578373143357e-06,2.44482081443861e-07,-3.08554637628228e-08,4.11303831937104e-07,5.93196164915764e-07,6.79143678798451e-07,3.94608815575109e-07,4.03076187650824e-07,1.52480518006502e-06,-3.2979338498277e-07,-1.16006777021682e-07,1.06589161770231e-07,-8.31043473781498e-07,3.70165444364294e-09,-1.10055974479953e-09,6.05426411336247e-09,3.3689093708757e-09,1.61288859757065e-09,2.81369361289965e-09,2.5147753852219e-09,-1.70894585634241e-09,1.08888336201144e-09,1.61861867415973e-08,1.1318337986268e-06,-3.47089557859088e-06,-1.66896586750475e-06,-6.67660261123665e-07,-2.12589685876821e-06,-2.00121360814783e-06,9.57002324026459e-08,-5.42842440648742e-07,8.44320066795874e-07,-6.29067459504233e-07,-7.12087454726718e-10,-6.70199774637975e-05,-5.76183825246419e-06,1.6058768520959e-06,-3.74659137249124e-05,-1.40984446736991e-06,-1.45714030168363e-06,-2.67293295032664e-07
"east_of_england","beta2",2.96418240760613e-06,-6.45798213248058e-06,-7.72424075902693e-06,1.71572121519746e-07,-8.70878824622936e-07,5.21232517983382e-07,-5.47126803967984e-07,3.89439361679924e-07,-3.87236486335689e-07,7.29762683547553e-07,-5.47789710655465e-07,-7.49960157277986e-08,1.11238610182084e-07,-2.43628517381134e-07,-2.7062172942509e-07,1.43687816888186e-05,3.75434359428901e-07,-2.63536138841523e-07,6.7187127667103e-08,6.95528551267101e-07,-9.24293145326848e-08,1.2854224695753e-07,1.14654887795289e-07,-1.37416484144428e-07,-1.57158079817789e-09,6.71115981465494e-07,-1.27262218278492e-06,-2.8943584940469e-07,2.96520841859849e-07,1.20170924209166e-06,-1.67240024132505e-07,1.22755727787034e-06,1.91360703460298e-08,6.48064984705891e-07,5.51023226523035e-07,-4.51440405439688e-07,1.99440592647628e-07,5.93950468432124e-07,-6.25691040940054e-07,-4.08779851622926e-07,-6.91479584178318e-06,-8.91976264132404e-06,1.35895997760215e-05,1.5679535248203e-05,-1.2355305075677e-06,-2.82123018347797e-05,1.26564718997664e-05,6.93264433373655e-06,8.4382297624155e-07,-1.02102981370515e-06,5.49979091252582e-07,-6.79843696494927e-06,-1.10138833145202e-05,6.81927151140006e-06,-1.84260902966082e-06,-1.38596634619003e-06,1.1242905132195e-05,-1.62314061538037e-08,-2.22424480016051e-08,2.52492091087592e-08,-5.38129433685444e-09,-7.86418888971653e-08,-2.67534677938273e-08,-6.45846364315145e-08,-9.04053985174885e-09,-6.98238220939592e-09,-8.6410061036999e-08,-9.75215374406214e-07,-4.49840848766942e-05,-1.58509809935971e-05,2.41343286733547e-05,5.41070000017107e-05,-1.52429406560299e-05,3.34116640872486e-06,1.69381062318904e-05,-2.96534829477932e-05,1.27794571976489e-07,-1.17786123784173e-07,-6.82431179793402e-05,5.20227336212953e-05,-0.000399634802921666,0.000159297292431209,-3.52675276066215e-07,-2.87979395138598e-06,-2.25096122282528e-05
"east_of_england","beta20",5.17398657282339e-07,-4.15009188640923e-06,-1.28772419808913e-06,8.92710077508464e-08,-1.72958105143367e-08,4.17520638791167e-08,-2.25239116014906e-07,1.94424832866078e-07,-9.75689057814907e-08,1.30314348477753e-07,-9.53934699539056e-09,2.64918438929706e-08,3.16278496037239e-08,2.34412924181755e-08,-1.28914362433421e-08,3.75434359428901e-07,1.92432931494135e-07,-1.32031236713253e-08,2.98170132065503e-07,9.38277302918727e-08,7.36011152889489e-08,1.4148883650926e-07,1.00058431518416e-07,1.58910754034078e-07,1.80990514428395e-07,1.84600803597934e-07,-8.4797857422448e-08,1.51739610552339e-07,2.20065150055539e-07,1.64146019283249e-07,8.62526921094465e-08,1.7945886678078e-07,8.20708445894844e-08,1.52496712790052e-07,4.52671640976391e-08,-3.74973270065414e-08,2.9893418580995e-08,8.64226868755179e-08,-1.50647437656684e-07,2.84447131402172e-09,1.80340416425393e-06,-7.97764606931364e-07,1.10249942431663e-06,3.83829094713052e-06,-4.31868136025706e-07,-2.80117287547824e-06,9.85196627160653e-07,1.21167765684065e-06,-1.0337791142459e-06,4.47781625221759e-07,7.00701107561501e-08,-3.33260475192511e-07,-1.5271958949915e-06,2.21836801077412e-07,3.13918258797533e-10,-3.21059415713592e-07,-1.03222698090727e-06,3.59956114765925e-09,1.78451481062156e-09,6.13684021585484e-09,4.20062964178592e-09,7.40382680595334e-09,1.77791899061522e-09,4.78223359889775e-10,-2.28658189021201e-09,2.52967853589371e-09,4.05137017508818e-09,1.82001925533415e-06,-5.12901269464074e-06,-5.60879484271593e-06,7.24384151792228e-06,-1.03755040157499e-06,4.68634908795807e-08,1.12643546923719e-06,2.73035510789775e-06,-3.78950363044146e-06,-3.41172624241299e-07,-7.77445494695e-09,-9.10163082823271e-05,-5.68621232799613e-05,-2.98553582362588e-05,-5.03396606625066e-06,-1.58796729441605e-06,-3.64870374894847e-06,-1.98440079320775e-06
"east_of_england","beta21",-1.74078203026635e-07,-8.45452593134909e-07,5.61762770507577e-07,-6.62501808443783e-08,-1.03695386097256e-07,-8.47982132944604e-08,1.09300407444247e-08,-3.26130517452346e-08,5.09963588777124e-08,-1.49629019998629e-08,1.07975544485393e-07,2.60045248188257e-08,3.59647331877405e-08,2.15005186866851e-08,1.04335472894509e-07,-2.63536138841523e-07,-1.32031236713253e-08,2.25897891710157e-07,-2.09163487898501e-07,1.99555462754775e-07,1.21835512879776e-07,5.19308243387973e-08,1.03826718753163e-07,1.00754222173148e-07,1.57570939711701e-07,7.62818132765298e-08,3.97255537508822e-08,1.41524780298946e-07,1.51308061768552e-07,1.02537516767746e-07,4.85602252623669e-08,1.35695528437208e-07,4.3462615609451e-08,1.93839622205679e-07,-1.28420968873343e-08,2.01016812090167e-08,-5.95141887693344e-09,-4.58393875094326e-08,3.9939882169881e-08,8.4827530272173e-08,3.07376270725941e-06,2.05709858369271e-06,1.47820823625633e-07,7.77230994189189e-07,9.44453117154299e-07,5.15026791505319e-06,-1.07822150293845e-06,6.16095918432122e-07,-1.23420274215927e-07,3.45180181986729e-07,3.6280486851895e-07,-1.55394985851978e-07,3.03293383029435e-07,-7.01948155213167e-07,5.84081455201557e-08,3.51195565210502e-07,-1.67188556572241e-07,3.9196589481813e-09,-4.84627470616667e-09,1.24856231320687e-09,2.21819006043583e-09,4.39958527120347e-09,5.03093524477238e-09,1.99526232168816e-09,-1.5287727397005e-09,-4.63870879771935e-10,1.32008014416572e-08,9.58170422161797e-07,6.59976768512343e-08,-1.28444288884343e-06,-2.31896171188045e-06,-1.54993997638673e-06,3.34943516122975e-07,1.28960999264291e-07,-1.36769675392707e-06,-3.80587679098166e-07,-6.73969266807645e-07,1.00587959967107e-09,-0.000107462096589177,-8.43280079910507e-05,-5.47800749561101e-06,-4.48164452639302e-05,-1.93792571214816e-06,-2.35558562620341e-06,-4.80811435119039e-07
"east_of_england","beta22",9.63524847032541e-07,-1.29707575479531e-05,-3.91448794200864e-06,3.55662451931684e-07,1.03946226245057e-07,1.28036018517146e-08,-2.89512924017785e-07,3.45341995002512e-07,-2.02873634276068e-07,2.12599283277482e-07,-1.57483487382492e-07,4.02093986226435e-08,-2.87497573290517e-09,-7.90318760679512e-09,1.80398160034515e-08,6.7187127667103e-08,2.98170132065503e-07,-2.09163487898501e-07,1.19905497525024e-06,-4.8606444056145e-07,1.83792953839642e-07,2.02186591774851e-07,2.12039780293162e-07,1.89092889831251e-07,2.74317636509837e-07,3.51842489496594e-07,-1.53318074103468e-07,1.86980528662379e-07,4.32267583762514e-07,2.04194980001464e-07,1.97724052044571e-07,2.58941332679487e-07,1.9641657934466e-07,7.24650912210611e-08,8.88691815695888e-08,-9.0736704233855e-08,1.05576268143253e-07,8.35242582770387e-08,-2.45188064057984e-07,8.67628400643624e-08,-2.12331304559335e-06,-4.42719509625882e-06,1.6421311477259e-06,4.77118031452472e-06,-2.78838869764933e-06,-1.67189000841998e-05,4.5911922377785e-06,3.7897571128704e-07,-1.82291236457922e-06,1.15545819492056e-06,-2.11483873992384e-07,-4.39038060224889e-08,-1.64291017130411e-06,1.84314557042119e-06,-5.86542758988195e-07,-1.19503608340352e-06,-4.27307815275233e-06,1.33889826456626e-08,1.43003823914237e-08,2.91144448053668e-08,1.25244013342536e-08,2.51150743925797e-08,8.61685026893864e-09,2.07071213333312e-09,-3.42567026243665e-09,8.19296688438034e-09,1.77774340249796e-08,4.95681464135427e-06,-2.41056797154774e-06,-8.84098724685878e-06,1.22580868053732e-05,-6.94396614561527e-06,2.78114464806748e-07,1.53584797322946e-06,7.93822306857384e-06,-7.65049358859791e-06,-2.27576851234338e-07,-5.67338357567538e-09,-4.80100199604666e-05,-9.56544740787204e-05,-2.86188535011712e-05,1.03344413741582e-05,-5.70804204410088e-07,-6.96945022047743e-06,-3.53041613035768e-06
"east_of_england","beta23",1.409387931823e-07,9.70617875904546e-07,5.69125861016299e-07,-4.43059842580983e-08,-4.44254316727971e-08,1.23784357410535e-08,-8.6148861028541e-08,5.7742486906996e-08,-2.50683473779028e-08,8.81480638714247e-08,1.37143204631718e-07,2.29162212420127e-08,7.90405498555675e-08,5.02478943512267e-08,1.15110483516727e-08,6.95528551267101e-07,9.38277302918727e-08,1.99555462754775e-07,-4.8606444056145e-07,9.63238011270294e-07,-5.90092245212309e-08,1.82301299778888e-07,-4.1488413857837e-08,3.0624062663989e-07,9.47390497127689e-08,1.31139769447211e-07,3.40388081917454e-09,1.54756788109475e-07,1.04430672813029e-07,2.14029770142556e-07,2.63813662284482e-08,1.15969506946653e-07,1.24729594729322e-07,-1.85512490813268e-08,-2.41935939866817e-08,7.11020588820551e-08,-1.18070153573542e-07,1.7390101898989e-07,-1.74760942475361e-07,-4.51492503765344e-08,6.01434329249108e-06,1.4540189784057e-06,8.23648555681492e-07,2.14711962918121e-06,-2.15250043986476e-06,9.99421734438121e-06,4.26564299085132e-07,3.11001166923292e-06,-7.34342409669264e-07,7.44918700545352e-07,4.63123351445428e-08,-2.84521374616668e-07,1.42491504609356e-06,-3.26137715398564e-07,4.83738718097782e-07,1.06181841033414e-06,4.68530056209926e-06,-9.89247935465977e-09,-1.31216171143144e-08,-3.10629490943835e-08,-9.46892679952694e-09,-4.47844194833682e-09,-6.52272453669787e-09,-4.48557183354763e-09,-4.56236129130481e-09,-2.95350770600677e-09,-2.12445952848674e-08,3.91683126252449e-06,-7.97303404804628e-06,-1.73645975056022e-06,8.00599285408733e-06,-8.63956480914388e-08,3.57587259591846e-06,1.43081017523487e-07,-3.56621575877455e-06,-3.36881135738689e-06,-1.02733051477421e-06,-8.25273072810669e-09,-0.000174175582558537,-0.000149928353239766,-3.71906031909631e-05,2.10208871709652e-05,-3.6471945377415e-06,-2.8619414685354e-06,-8.25860037663606e-07
"east_of_england","beta24",1.04677065869819e-07,-4.28621100359256e-06,-6.74745401450993e-07,3.09162620016487e-08,-4.25981209280746e-08,-4.42904798911063e-08,-1.21117577939258e-07,1.08045795528799e-07,-3.95777001058736e-08,2.35419425511215e-08,5.49783165664409e-08,1.70028744425699e-08,1.98151949547055e-08,8.39789350606918e-09,8.42566836242774e-08,-9.24293145326848e-08,7.36011152889489e-08,1.21835512879776e-07,1.83792953839642e-07,-5.90092245212309e-08,2.26493646591748e-07,4.58679803178962e-08,2.16123430728828e-07,9.09203634712239e-08,2.34808985286187e-07,1.73967937904777e-07,-2.83917927955431e-08,1.76664917349369e-07,2.65290996419357e-07,2.04972859492086e-07,8.33241713442709e-08,2.85804172232688e-07,5.60118718819346e-08,3.20237821626586e-07,2.16141878756744e-08,-8.25984402057174e-09,3.29453971206448e-08,-1.61518026881597e-08,-3.90650885065481e-08,9.40067739885209e-08,2.11235571846114e-06,1.04730251987634e-06,1.07349716859453e-06,3.20608169402389e-06,1.11156152944945e-06,-2.15510354527245e-06,5.17937550385924e-07,-3.11594573700711e-07,-2.04690370040103e-07,3.91147873285937e-07,4.97573324487469e-07,-5.57048603758944e-07,-1.56191249952643e-06,-6.04806887278054e-07,2.05934407882482e-08,-1.42471212190229e-07,-2.97728120943809e-06,8.43902414235746e-09,2.51986179294085e-09,1.83962937870914e-08,8.09469032615098e-09,1.21205090992355e-08,7.2145940859732e-09,2.30523810388426e-10,-2.23133996605058e-09,2.08034167040466e-09,2.39692351631436e-08,1.83429379903422e-06,-2.56107301361292e-06,-4.43947771953324e-06,8.99497563688702e-07,-1.86322280269806e-06,-6.86120994249266e-07,8.4059119673008e-07,1.57316124792641e-06,-2.3907333888513e-06,-7.23085922667718e-07,1.77852085057521e-09,-7.49821718494678e-05,-0.000130730753262425,-3.1195940981524e-05,-2.96821210556146e-05,-9.07578411439321e-07,-4.71346742295969e-06,-2.57468779541207e-06
