"region","name","alpha_admission","alpha_D","alpha_death_hosp","alpha_H","beta1","beta10","beta11","beta12","beta13","beta14","beta15","beta16","beta17","beta18","beta19","beta2","beta20","beta21","beta22","beta23","beta24","beta25","beta26","beta27","beta28","beta29","beta3","beta30","beta31","beta32","beta33","beta34","beta35","beta36","beta4","beta5","beta6","beta7","beta8","beta9","mu_D","mu_D_2","mu_D_3","mu_D_4","mu_D_5","mu_gamma_H","mu_gamma_H_2","mu_gamma_H_3","mu_gamma_H_4","p_G_D","p_G_D_2","p_H","p_H_2","p_H_D","p_ICU","p_ICU_2","p_ICU_D","p_NC_15_24","p_NC_25_49","p_NC_50_64","p_NC_65_79","p_NC_80_plus","p_NC_weekend_15_24","p_NC_weekend_25_49","p_NC_weekend_50_64","p_NC_weekend_65_79","p_NC_weekend_80_plus","p_W_D","rel_p_D_alpha","rel_p_D_delta","rel_p_D_omicron","rel_p_H_alpha","rel_p_H_delta","rel_p_H_omicron","rel_p_ICU_alpha","rel_p_ICU_delta","rel_p_ICU_omicron","rho_pillar2_tests","seed_date_alpha","seed_date_delta","seed_date_omicron","start_date","ta_alpha","ta_delta","ta_omicron"
"east_of_england","alpha_admission",0.000194360593536229,3.1918500274569e-05,-3.1035762592017e-05,1.03205456952747e-05,5.14589768403125e-05,-3.518632188761e-06,-1.98822901195374e-05,8.95195789520568e-06,-1.13207558443156e-05,3.00076515090714e-05,-2.4219295780715e-05,2.34816681953539e-06,-3.32194218996987e-07,-5.72290724587869e-06,8.28326776055738e-06,-0.000151595226411636,-1.39073362017335e-06,-1.65422608892493e-05,9.38565492916991e-06,1.71442812079614e-05,-9.84856747689958e-06,8.26301942271231e-06,-1.42440069756891e-05,9.09252523680992e-06,-1.84037863870924e-05,1.49763105318519e-07,7.53385814756486e-06,2.49331637156953e-06,-7.86609768232511e-06,5.90343065557337e-06,-8.19408902576003e-06,-1.05971449822313e-05,1.80486675291157e-05,-4.49527697244444e-05,-1.24170309544231e-06,7.17308847984639e-07,-1.5972060327399e-05,1.80231535102876e-05,-1.71290220699764e-05,1.79164347219596e-05,4.66638751633692e-06,0.000475587220194514,8.39777262474525e-05,-0.000312222273696944,0.000243881860057557,-4.8244185680753e-05,5.96182366415072e-05,-0.000125375045236573,-4.8792776393023e-05,0.000137143375878731,-2.40649974838555e-05,0.000166010572641254,-0.000511494867755804,-0.000147485368503537,-0.000108218202784502,-2.87620087380093e-05,2.17892255022881e-05,1.2607516362076e-06,-1.09146074008491e-06,1.75883700348111e-06,8.30739081485687e-07,2.52179840511972e-06,-2.39456368739579e-06,7.94806153186563e-07,7.52346212897907e-08,6.20265405645566e-08,-2.6186234862479e-06,0.000158295975629595,-0.000555836262438242,0.000163091233556229,-0.000696406475731748,-0.000921942644964202,0.000600420236811803,0.000382262721863536,0.000356065287576877,-0.000486647758296297,0.000172386333576829,6.98600909938211e-07,-0.00494342757550602,0.00794577118064987,-9.62935533015353e-05,0.0139704824898313,-1.6200504424248e-05,0.000108856769125015,9.09203531319915e-05
"east_of_england","alpha_D",3.1918500274569e-05,0.00337027482775901,0.000129339446052879,-0.000128170005205579,3.89698164563263e-05,-4.57015629053757e-05,0.000102469111912665,-6.74071730050326e-05,7.34187722448878e-05,-0.000100735461278378,1.38294428579898e-05,-9.0796715746772e-06,6.5456205242262e-07,-9.46543604725737e-06,-1.75707855977418e-05,-6.58780502466596e-05,9.95178955403308e-06,-4.19760321311224e-05,6.64102916848567e-05,-4.66339332586408e-05,-3.2243388821455e-05,7.38243309474364e-05,-2.89399696702694e-05,5.89351323831469e-06,2.39038009117243e-05,2.08616993199423e-05,1.69449301205416e-05,7.70497981106434e-06,2.21208856000402e-05,-1.78143915309528e-05,3.79596485895993e-06,-6.4097168804541e-05,2.64029891094623e-05,-2.06677928309789e-05,-6.36835993441535e-06,5.01532348798316e-06,1.49264353517273e-05,-1.10169915150355e-05,-1.23240648266015e-05,4.8838783096679e-05,-0.000387547375538833,-0.000434343194721194,-7.83907682043691e-05,-0.000932857065868789,0.000426466457001963,-0.00136492617750401,0.000324041362739486,-0.00210488464320065,-1.5100885398203e-05,-0.000299656887053411,1.3875193101534e-05,-4.2166590246217e-05,0.000891867409905232,-0.000609405071701661,0.000426472782946534,-5.9283053998129e-05,-0.000215405723267734,3.59716564795885e-06,5.44655630001805e-06,5.15397667932179e-06,1.38897543483717e-06,-7.91177722811694e-07,3.33651670608484e-06,6.49101865594801e-06,-1.91933788041989e-06,1.06801251997364e-06,1.69734848631861e-05,0.00091985786744653,-0.000695393366310538,0.000766123978701484,-0.000508706299243078,-0.0013320738721497,-0.000108854732450616,0.000494281995990859,-0.000100719613454675,0.000191256916277657,0.000452183141194633,8.09766474658584e-06,0.0444437675504831,-0.0764414153668469,0.0226907981399234,0.00877266296509377,0.000624500823925343,-0.000781496376416745,0.000764322676669245
"east_of_england","alpha_death_hosp",-3.1035762592017e-05,0.000129339446052879,0.000582464297471909,-5.39564872079071e-05,-0.000151579872188174,5.26552106896514e-05,-4.9290355991422e-05,2.12404916824357e-05,-1.9374657927481e-05,1.4867719928159e-05,4.66597082660744e-05,-1.39593863911958e-06,1.71550456903506e-05,-1.77007009610891e-05,5.03518459254704e-05,0.00030397599010887,-1.18053639451332e-05,8.32614637240774e-06,3.15123022329129e-06,-2.54206337948295e-05,1.93245621621168e-05,1.02440109389206e-05,2.72525657774002e-07,8.81445626915535e-06,4.69760169644018e-06,3.67160248890484e-05,2.00384286118554e-06,-8.40422275927606e-06,1.93838345815889e-05,-6.19048938202713e-06,7.84828510005178e-06,1.84336269822898e-05,-3.95713946431223e-06,2.64792415234329e-05,3.91106074359944e-06,-1.25874817505901e-05,2.37680013261404e-05,-2.99278644303196e-05,4.93917524883384e-05,-5.11299819599748e-05,0.00018071533940837,-0.00110608786442072,-0.000499924107932035,4.33154667209379e-05,0.000181625520482183,-0.00126113592067324,-0.000393897297499551,-0.00109949701918904,-0.000594168743308525,-9.49024292968215e-06,-0.000155075243835182,-0.000312078302204544,0.000158738457698928,-0.000609313917344856,9.8122647483549e-05,6.22948415742475e-05,0.000801239757948702,2.42927741202208e-06,-1.33619546731875e-06,2.41656692574584e-06,-3.24130835004874e-06,3.92168426862734e-07,3.25165101793536e-06,-1.49359020132076e-06,3.41693411156158e-07,-3.77237619082923e-08,1.99008165880551e-06,0.000802580111979645,0.00129668144211307,0.000399392125077193,-0.00103315436287625,0.00297490231451909,-0.00163666013897155,-0.000154851244386011,-0.00180443463741194,0.00176337625962427,-9.69908021464691e-05,4.26857742047286e-06,-0.0221172829638963,0.0146934845649554,-0.00285280858436144,-0.043096780269417,-0.000307053008318654,0.000169815118307034,-0.000258947824144238
"east_of_england","alpha_H",1.03205456952747e-05,-0.000128170005205579,-5.39564872079071e-05,2.04493244643172e-05,1.43475182238399e-05,-6.39546193668805e-06,4.14733362701076e-08,2.51874830961357e-06,-2.7072918404524e-06,4.28374005109273e-06,-3.34313808919053e-06,-7.94766841511727e-08,-1.35146879329143e-06,-1.20206257726956e-06,-1.00479629064905e-06,-3.25539678414156e-05,-6.12303402937553e-07,2.24558752733292e-06,9.66510487743375e-08,4.37334923508617e-06,-3.13735599067009e-07,-3.05784136501476e-06,7.57452830617521e-07,2.10180649297203e-06,-2.16613608941242e-06,-4.09637979018194e-06,-5.47605247690625e-08,3.24607867378747e-06,-5.20784289385256e-06,1.07370822522455e-06,-2.1180107622634e-06,-3.96797812507125e-08,-2.77935611519759e-07,-5.93064530153634e-06,-6.38855508559759e-07,1.35390279913076e-06,-6.99379721816055e-06,8.02216031897961e-06,-4.40541959646977e-06,3.09528976831491e-06,-4.7371316917005e-05,0.000215451708740277,5.42260520143126e-05,-4.14797634235795e-05,-4.51190614918466e-05,0.000111828713583941,-1.12426780011453e-05,9.70998512390318e-05,9.9886603666152e-05,1.5951468426448e-05,1.23046554207385e-06,5.33891489369918e-05,-0.000120760966302035,4.62158463424096e-05,-5.05115487468726e-05,-7.3852038062064e-06,8.88577032549244e-05,-4.71844374810106e-07,-3.86879436550639e-07,-4.4248298735348e-07,2.75462274897252e-07,-4.29085575325874e-07,-5.80230879737135e-07,-1.54346510849598e-07,1.22168527177389e-07,7.53304047042855e-08,-1.07112848810773e-06,-9.18566481457288e-05,-0.000260355184274165,0.000109918515518212,3.14072090732372e-05,-0.000190414489036352,0.000126130038933588,8.55041446393757e-05,0.000162137447391217,-7.72967287193636e-05,5.83707015589674e-06,-1.33586664681935e-06,-3.28912265061085e-05,0.00244152589690596,-0.000641818716526122,0.00420432104250291,3.30807628038164e-06,-2.02857289760333e-05,4.81856926151989e-05
"east_of_england","beta1",5.14589768403125e-05,3.89698164563263e-05,-0.000151579872188174,1.43475182238399e-05,6.79050944336204e-05,-1.39867327463652e-05,1.38129359200491e-05,-1.01752858785188e-05,8.38498878407492e-06,2.22741523025459e-08,-2.28886169040708e-05,2.52459070131982e-06,-6.75966009922071e-06,8.95146230638779e-06,-1.67850816074422e-05,-0.000140557326460675,6.14376721942636e-06,-1.27411379243335e-05,8.60098366745033e-06,6.83065293621852e-06,-9.43836110601496e-06,1.03844645413825e-06,-4.13647426687183e-06,-6.37811375071724e-07,-1.19466245692125e-05,-6.01581184987219e-06,2.43141302282255e-06,-9.24798338123914e-07,-4.31726348168689e-06,2.04746904627706e-06,-2.86211025821142e-06,-1.09416303725761e-05,8.0527081855102e-06,-2.36639305593988e-05,-1.61841070312118e-06,1.0688682511905e-06,-4.44674262759152e-06,9.42348190552778e-06,-1.74380003661934e-05,1.7175230124955e-05,2.93859679199456e-05,0.000421485652457766,0.000181639446939828,-6.04013191433184e-05,0.000121421467509632,0.000476186707368862,0.000193258307851875,0.000270950828177144,0.000171615878365264,-5.05789063285464e-06,3.3355597109878e-05,0.000142668546092999,-0.000185662547864881,-1.96166191052577e-06,-6.00799669735386e-05,-1.38445761170988e-05,-0.000225018929597884,-4.62232855220521e-07,1.64616533760936e-07,-1.03224599214679e-07,1.08966662699395e-06,-6.13784428680761e-07,-1.30046027911618e-06,7.15093680576508e-07,-5.34925371894788e-08,-1.72044247960161e-07,-7.68902637803783e-07,6.24926984151921e-05,-0.000254966432683713,-5.98889736325823e-05,-3.86598112512167e-05,-0.00124219165150422,0.000658321447505492,0.000256092559274554,0.000526753264282586,-0.000493884363077205,3.14279762773606e-05,3.51860938200282e-07,0.00716503446057843,-0.0070900689141319,0.00161014828778351,0.0194532473515802,8.91444901923709e-05,-2.6281709718879e-05,9.29690437153283e-05
"east_of_england","beta10",-3.518632188761e-06,-4.57015629053757e-05,5.26552106896514e-05,-6.39546193668805e-06,-1.39867327463652e-05,1.1382092456325e-05,-1.13891026850692e-05,3.58847871886132e-06,-2.51169565312259e-06,2.42467143769035e-06,3.79567239529064e-06,9.34825946807484e-07,1.26868719676233e-06,1.70375121178942e-06,2.23703495368078e-06,3.17539455666205e-05,1.21405989421982e-06,-1.18220241967746e-06,2.59110983342553e-07,-1.65507851590964e-06,1.60719500660783e-06,-1.2708750957406e-07,5.88095000547602e-07,3.5193417992595e-07,-2.94416478350972e-06,4.0483280791533e-06,-7.35179204715367e-07,-1.48769865174924e-06,2.14896640323397e-06,-9.68060358214413e-07,1.63240758456599e-06,1.85262565725203e-06,4.40180376065931e-07,-1.59853757090321e-07,8.99284337890729e-07,-2.29121751000063e-06,5.21813535968891e-06,-5.79472550624984e-06,6.63441389583351e-06,-9.71524796961011e-06,8.83051621941508e-05,-0.000115125620244532,-2.8010780318749e-05,5.3084471709834e-05,-2.03212295496189e-05,-4.75121929787366e-05,-2.01512436709338e-05,-3.2559319625547e-05,-5.51103186712685e-05,-2.72723731394728e-06,-9.93084324839297e-06,-2.27418977736323e-05,-1.3524821118037e-05,-5.19617565435524e-05,5.7820987351918e-06,2.58889873985387e-06,1.25228336343502e-05,1.44091526262507e-07,-1.63929906225653e-07,2.20908500737238e-07,-3.36240209591125e-07,5.01153241867659e-08,3.26675464079139e-07,-2.96388065904729e-07,6.64279349955812e-08,-6.4543585228865e-08,2.35158026005819e-08,2.98264624569632e-05,0.000167897167947917,8.30640502579449e-06,-1.07322092520982e-05,0.000182474123995986,-0.000120966120800478,-1.32072232001225e-05,-0.000111520668256577,0.000144783426050019,-3.04493026050099e-05,7.09239409146619e-07,-0.00382617099822866,0.00229885218389059,-0.000738917157791712,-0.00382936972942506,-5.89238251557085e-05,6.39437213649954e-05,-4.81396583289448e-05
"east_of_england","beta11",-1.98822901195374e-05,0.000102469111912665,-4.9290355991422e-05,4.14733362701076e-08,1.38129359200491e-05,-1.13891026850692e-05,2.21633192360538e-05,-1.26694788684793e-05,8.67978979778839e-06,-6.35536446035615e-06,-4.97821092205661e-06,1.02493853435897e-07,-2.19663938659255e-06,2.97177464661701e-06,-4.73006644965511e-06,-2.94168966183624e-05,2.9776705693409e-07,1.61432687709488e-07,2.10224259362354e-07,-3.35412779741985e-06,-7.34575448559096e-07,1.05303142861835e-06,-3.72939792442558e-07,-6.71841749187034e-07,2.02273230200065e-06,6.04346046155636e-08,9.97602653549765e-07,-3.0894532272043e-06,2.55904959063252e-06,1.31536506103619e-06,3.38743002184888e-07,-3.48731377713362e-07,-2.30800949841638e-06,9.29017121007048e-06,-9.74607162394195e-07,1.12686308905464e-06,1.92757905463942e-07,1.31249853666967e-06,-4.32601390618905e-06,7.42928823520392e-06,-7.63507454979012e-05,2.89041855512463e-05,1.53590131221253e-05,2.38819607363439e-05,7.83963641305276e-05,0.000108520353173871,5.25883697763868e-05,2.74702222267782e-05,2.62880780666831e-05,-5.72837393402317e-05,1.33002054895927e-05,5.68585046340207e-06,0.000181692614027127,1.19283878350246e-05,8.71845479050756e-06,1.72678248169032e-05,-8.35255246430974e-05,-1.56718515097382e-08,3.49002410746274e-07,-1.23155371136216e-07,2.70431871839239e-07,-5.541953159723e-07,6.46221623836333e-09,3.253763659254e-07,-1.03210825656475e-07,-1.24862697497627e-07,4.55481067836262e-07,0.000104514046430854,-7.33756508390051e-06,-9.86154497022303e-05,-7.78151443872248e-06,-0.000176696013701814,8.67350652713039e-05,-4.69382881804356e-05,-2.91333816045981e-05,-9.03537410942897e-05,-2.10624368935323e-05,1.4858532451691e-07,0.00587700752520797,-0.00554944851810724,0.00113371593372094,0.0037026412161142,5.86411504399853e-05,-7.79988714375365e-05,-6.96829173638453e-06
"east_of_england","beta12",8.95195789520568e-06,-6.74071730050326e-05,2.12404916824357e-05,2.51874830961357e-06,-1.01752858785188e-05,3.58847871886132e-06,-1.26694788684793e-05,1.07481483595637e-05,-7.2230897888482e-06,2.6047817898581e-06,4.80729257573763e-06,-1.20521970613372e-06,1.47370832489842e-06,-4.68249719100521e-06,3.72073150857669e-06,2.28225047117362e-05,-1.58229100475034e-06,1.88714593150331e-06,-7.3287103969411e-07,9.58947386218426e-07,9.0833512899566e-07,-1.21700684769062e-06,5.98419978159921e-08,7.19655500300067e-07,1.05675564683441e-06,-2.48301283708347e-06,-8.08241104628533e-07,3.91919842148116e-06,-3.67557450635642e-06,-6.64134381658374e-07,-1.06474440506798e-06,5.97672362292917e-07,4.95990598205241e-07,-4.44395664229314e-06,1.77866318263558e-07,1.54976498526485e-06,-4.2770776766017e-06,2.35195029248933e-06,-6.95960273777961e-08,-1.59661457193768e-06,-1.66319176887937e-05,-4.96569697518991e-06,-3.14401398785698e-05,-6.37761886815479e-05,-7.67980583246432e-05,-8.45640267077583e-05,-7.62949493227154e-05,-1.37401635657004e-05,1.87651288675872e-06,5.18446223657566e-05,-6.71399370233215e-06,-4.56481531682354e-06,-0.000116101907383122,2.89302778868242e-05,6.55126950527227e-06,-1.51471980035635e-05,0.000122507480320473,-7.72330274522684e-08,-9.5527638737316e-08,-4.84328265384783e-08,-1.86595804781681e-07,5.89254540524503e-07,5.3471135722838e-08,-1.3094418431863e-07,-5.39411577103219e-09,2.15950596812658e-07,-6.85349742813421e-08,-0.000152088828516137,6.9746227407782e-06,7.67964170156436e-05,4.42505555913973e-05,0.000160791235635171,-6.98469898287678e-05,-2.28954378068145e-06,5.81822831714119e-05,8.73993436965392e-06,5.03517169888126e-05,-7.36339423500992e-07,-0.00230786379016775,0.00399969485007516,-0.000696626908036933,-0.00265798945702021,-8.83609636972823e-06,2.30506287339853e-05,2.41985168536731e-05
"east_of_england","beta13",-1.13207558443156e-05,7.34187722448878e-05,-1.9374657927481e-05,-2.7072918404524e-06,8.38498878407492e-06,-2.51169565312259e-06,8.67978979778839e-06,-7.2230897888482e-06,6.3715007960686e-06,-5.54760275500834e-06,-2.4548134251653e-06,5.72326132940663e-07,-1.47264201182404e-06,3.79362424265859e-06,-5.11428367856841e-06,-1.28963069352056e-05,2.03943679594172e-06,-1.66431050482263e-06,1.54553813681405e-06,-6.92243800213526e-07,-1.39730500637613e-06,1.15754281808755e-06,8.51225005392804e-07,-1.54457781175811e-06,6.2985652007444e-08,9.54276017197013e-07,1.56188431874671e-07,-1.56313602816666e-06,2.19871989734946e-06,-7.16140305371546e-07,9.37133163177111e-07,-2.29150268726669e-06,-2.64442074121668e-07,1.34841392219264e-06,-1.2009216193808e-07,-1.19837938014507e-06,3.93816783662265e-06,-2.36827731765087e-06,-5.55716748777742e-08,1.18984060935799e-06,3.47929134771453e-05,1.29843248141427e-05,3.28517493180125e-05,4.04820484241545e-05,3.14691856801381e-05,8.184264114927e-05,7.2792450372491e-05,1.52985093511e-05,3.06079821980124e-05,-3.77923401182937e-05,8.40454786418706e-06,4.98546156564878e-06,6.12521075530948e-05,-1.85951130027601e-05,3.02247197263007e-06,4.13493900875028e-06,-9.29841070024309e-05,-1.49703355574372e-07,2.08267750418254e-07,-1.07817485072208e-07,1.64109770075457e-07,-6.96956606223319e-07,4.28229875074487e-08,1.53736898100825e-07,-7.87298464595242e-09,-9.30890606067241e-08,3.62868419122763e-07,7.96269170454714e-05,6.91406798846343e-06,-2.90102276513654e-05,2.69621462846916e-05,-0.000160408650413886,4.89666420695761e-05,3.04221759436077e-05,1.20534852841088e-05,9.95858540621964e-06,-3.46076005178357e-05,5.11610753400472e-07,0.00269979326309216,-0.00506293638684431,0.00107472144366139,0.00236814776032849,2.28123317329486e-05,-3.67173867123105e-05,2.14659848317679e-05
"east_of_england","beta14",3.00076515090714e-05,-0.000100735461278378,1.4867719928159e-05,4.28374005109273e-06,2.22741523025459e-08,2.42467143769035e-06,-6.35536446035615e-06,2.6047817898581e-06,-5.54760275500834e-06,1.30454867391557e-05,-4.39478791094347e-06,1.14648645335036e-06,1.071921630592e-06,-1.31516238087504e-06,6.26525527715826e-06,-1.51954481607868e-05,-1.82132196750795e-06,-8.21787703710078e-08,-2.18651967385766e-06,3.47107996526791e-06,1.47476468608306e-06,-1.20282042553971e-06,-1.72645438504492e-06,2.07709123145756e-06,-3.00344532042766e-06,1.55870923547535e-06,9.8492666007643e-07,-1.86829532303547e-06,1.08620917856079e-07,3.15335868232237e-06,-1.05952362514695e-06,3.68686885842279e-06,1.5499394550562e-06,-1.19117042889548e-06,2.42871525635091e-07,-5.25663371048522e-07,-2.45051770502919e-06,2.18596362365118e-06,7.43916517536019e-08,-2.42037682642475e-07,-1.66621349565796e-06,2.35507379148143e-05,-1.51980847552881e-05,6.04860572298898e-08,6.08530694612717e-05,-3.83292172399654e-05,-3.24394411615104e-05,9.61053224785109e-06,-7.72781732976521e-05,3.23407745288129e-05,-1.50074579282392e-05,8.36573258829575e-06,-5.3718004988995e-05,-2.10120703467811e-05,-4.02279542288345e-05,1.10938556301148e-05,1.79234862680036e-06,4.49292990126468e-07,-5.40983950302848e-07,3.66386687739248e-07,-5.62104119126155e-08,7.33890378141906e-07,-4.65452570910305e-07,-2.01925890733004e-07,1.07603997720553e-07,-1.38286257407493e-07,-1.31471980528858e-06,8.02845250021561e-05,-1.07501195856523e-05,-4.26652076771675e-05,-0.000202780671908021,6.43551453440347e-05,4.32833184700017e-05,-8.31759308779357e-06,-9.73030892928827e-05,-3.73972829879938e-05,-4.12000759357116e-06,1.13317612025311e-07,-0.00424627493749172,0.00640657199415897,-0.00157785304054033,-0.000386415728069456,-5.49817882768325e-05,6.59278980362497e-05,-7.86873012979517e-05
"east_of_england","beta15",-2.4219295780715e-05,1.38294428579898e-05,4.66597082660744e-05,-3.34313808919053e-06,-2.28886169040708e-05,3.79567239529064e-06,-4.97821092205661e-06,4.80729257573763e-06,-2.4548134251653e-06,-4.39478791094347e-06,1.21184545772301e-05,-1.63757243803261e-06,2.83844670050063e-06,-4.0701875347561e-06,4.79642256481619e-06,5.4002930478793e-05,-1.65909472852699e-06,3.78435718620661e-06,4.02655759644045e-08,-3.42109428997051e-06,2.05149317126563e-06,2.05378498636882e-07,1.18431206254972e-06,8.77833413429941e-07,3.28698959305824e-06,1.30117620078055e-06,-1.09650902699798e-06,1.74252745220208e-06,2.57988442351888e-08,-2.54918335852991e-06,1.15409914015073e-06,1.99721283722394e-06,-1.41432334717588e-06,2.22172149486536e-06,5.5208330097239e-07,-2.03203822992786e-07,1.40794424011307e-06,-3.22892565863802e-06,6.4919326819737e-06,-6.38016399886456e-06,-3.61080882095565e-05,-0.000141895637040323,-4.53282089927008e-05,-2.01445151226483e-05,-9.43696509758888e-05,-0.000157861202198564,-9.77309088338422e-05,-0.000101508037332463,-4.79236748464776e-06,-1.41339835759812e-06,-5.00155575213716e-06,-5.14444125123099e-05,-8.50664256693679e-06,1.8715096380425e-05,3.7733805541592e-05,-6.71738122808553e-06,0.000174529619776361,-5.94434278490044e-08,7.99074226751657e-08,-6.61156368741188e-08,-3.63409850841029e-07,-3.48184592884566e-08,6.49567209745171e-07,-2.70765003389032e-07,-3.2256737872875e-08,1.28378178108856e-07,8.68144171407006e-07,-0.000156562317086288,1.27230224106573e-05,0.000103227026771544,0.000121413850794411,0.000429374174872223,-0.000237458600360009,-3.87684902897751e-05,-8.18521621277196e-05,0.000173910493645634,2.60509531001793e-05,-4.89579321187373e-07,-0.00254650099631825,0.00194852629605739,-0.000564967968706476,-0.00622905676204825,-2.88169112212827e-05,1.07666393444223e-05,-5.05959701081099e-06
"east_of_england","beta16",2.34816681953539e-06,-9.0796715746772e-06,-1.39593863911958e-06,-7.94766841511727e-08,2.52459070131982e-06,9.34825946807484e-07,1.02493853435897e-07,-1.20521970613372e-06,5.72326132940663e-07,1.14648645335036e-06,-1.63757243803261e-06,6.41446770594043e-07,-3.15880726040996e-07,1.54647616249425e-06,-6.45038747709408e-07,-5.63951061396815e-06,6.81264333686712e-07,-9.15870425368403e-07,3.02706564278299e-07,1.4901456544869e-07,-7.59814794689705e-09,-1.36513533235669e-07,4.32848312920836e-08,-8.3694200069917e-08,-1.37948889977097e-06,9.14444338938198e-07,8.72634697559373e-08,-1.055970604004e-06,7.47985700953714e-07,3.97318931793671e-07,2.04612750419648e-07,1.78323843313119e-07,3.68189226823262e-07,-2.98332555785869e-07,8.6489264825493e-08,-6.34987066293278e-07,1.18755932689244e-06,-7.20925256855784e-07,2.54029585829115e-07,-6.16493539850787e-07,2.32189221449622e-05,5.23867572700276e-06,6.63177036158236e-06,1.9278663427408e-05,1.82160471422615e-05,3.30201279022311e-05,1.35162956889172e-05,2.0822923503542e-05,-5.31196832076592e-06,-5.46944630687181e-06,-4.96935592948215e-07,3.28041619404623e-06,2.00956026450384e-07,-1.43918758044853e-05,-7.3537424282414e-06,3.44435419259961e-06,-2.63016780894239e-05,1.2956683251063e-08,-5.87965566548292e-08,3.54624908228839e-08,1.09992746014034e-08,-8.30090092749824e-08,-5.6506853020838e-08,-3.38163086775551e-08,2.20974650146972e-08,-6.16108165717924e-08,-1.75030778621875e-07,2.88059869809908e-05,2.64247781065036e-05,-1.83798399782128e-05,-2.66194142778913e-05,-3.66178287281698e-05,2.19397610518506e-05,8.35293753472159e-06,-1.43097912469767e-05,1.24867853263225e-06,-1.44982329539225e-05,2.50921932315766e-07,-0.000380300562714892,5.17721159135779e-06,-7.42715851751515e-05,0.000688291886727133,-1.0776333589734e-05,1.14188928094312e-05,-1.40530876046309e-05
"east_of_england","beta17",-3.32194218996987e-07,6.5456205242262e-07,1.71550456903506e-05,-1.35146879329143e-06,-6.75966009922071e-06,1.26868719676233e-06,-2.19663938659255e-06,1.47370832489842e-06,-1.47264201182404e-06,1.071921630592e-06,2.83844670050063e-06,-3.15880726040996e-07,1.31640711607628e-06,-1.66900222797073e-06,2.78150315995601e-06,1.25629873435791e-05,-8.96013909798209e-07,9.59545827663525e-07,-3.68366029568206e-07,9.74065654094616e-08,6.49706026060986e-07,1.14147274503263e-07,-5.70010414470065e-08,3.52119224639325e-07,8.90331657041861e-07,7.10202255926821e-07,-7.26117087381952e-08,-2.55577693731487e-08,3.98874343135257e-07,-1.66485142270073e-07,2.17913727849216e-07,1.12896275382468e-06,3.43626078199436e-07,-7.32364437583788e-08,3.02778327284355e-07,-3.70575877647446e-07,4.4451843813692e-07,-1.07643087572021e-06,2.18074634326452e-06,-1.32737750000706e-06,-1.07567573037614e-05,-4.80060107059095e-05,-1.39517082631478e-05,-7.98108996284912e-06,-1.20588487913546e-05,-6.3399020217836e-05,-3.44202292356261e-05,-3.1939140305787e-05,-2.12707614696884e-05,8.29398188468037e-06,-3.50482742766794e-06,-1.85943174533032e-05,-2.05706246488185e-05,5.83375222787864e-06,5.48408291935981e-06,-1.24538059074051e-07,4.12714374358977e-05,1.08772181882796e-07,-5.55104569524804e-08,8.47832853513501e-08,-1.05747583877109e-07,1.72163078794008e-07,9.94227451399609e-08,-1.01154644061198e-07,3.89233014943445e-09,-7.55743973843293e-09,4.83171894443751e-08,-3.30399552643069e-05,-5.30660010521543e-06,1.20772804026563e-05,-4.11660345638739e-06,0.000148138938900869,-5.7576989257557e-05,-9.35184721840335e-06,-4.26383220439842e-05,3.6524070465036e-05,1.08442409482155e-05,-6.47241761454186e-08,-0.00177168921073042,0.00168078181682554,-0.000479516776634046,-0.00197127728045624,-2.05135069386942e-05,1.82887627967847e-05,-2.15535724460537e-05
"east_of_england","beta18",-5.72290724587869e-06,-9.46543604725737e-06,-1.77007009610891e-05,-1.20206257726956e-06,8.95146230638779e-06,1.70375121178942e-06,2.97177464661701e-06,-4.68249719100521e-06,3.79362424265859e-06,-1.31516238087504e-06,-4.0701875347561e-06,1.54647616249425e-06,-1.66900222797073e-06,5.74996188545737e-06,-5.27817525368764e-06,-1.39306814632966e-05,2.94847988029194e-06,-2.51772301804972e-06,1.13619523202827e-06,-3.06864948445032e-08,-6.59963208727133e-07,-4.63108060024466e-07,9.39442984324111e-07,-1.1854297125915e-06,-2.99110140289566e-06,1.60744329617733e-06,-2.89328366491881e-07,-2.54816992361534e-06,2.19572918725443e-06,2.00224207878947e-07,1.12816049933949e-06,-5.89611578255731e-07,4.33289194718202e-07,-1.53307116713842e-07,1.68131311074159e-07,-1.58903481472603e-06,4.45136278720599e-06,-2.92118419393238e-06,1.91257439164657e-07,-1.34923860673471e-06,7.81485944978642e-05,1.73419577460687e-05,3.11284245962884e-05,6.7431440290844e-05,2.10952486244227e-05,0.000149479886365835,6.29782372834847e-05,8.6099731647978e-05,1.89424027018273e-05,-2.62883959792471e-05,5.78204197279836e-06,7.65203903762462e-06,2.16058655338575e-05,-2.42060246364724e-05,-7.62917668099521e-06,6.46031473175994e-06,-9.63468406764683e-05,-1.67996284507518e-07,3.51069339621519e-08,-9.43903575192723e-08,9.28725372452536e-08,-5.3744590041194e-07,-4.66238019011664e-08,-4.11517422599358e-08,3.51427431766786e-08,-1.53660306308605e-07,-1.28704671195418e-07,3.69356523848292e-05,9.84050378340099e-05,-6.28400852462456e-05,2.96872143845112e-05,-0.000162554278863387,7.50541210540092e-05,2.04611343032495e-05,1.83718817853169e-05,-1.25343062933549e-05,-4.65638842116924e-05,6.74458499877959e-07,0.000729302415797543,-0.00263066070425335,0.000231900733541729,0.00258958304548308,-7.81883195255562e-06,6.77980371789586e-06,-2.01457177932558e-05
"east_of_england","beta19",8.28326776055738e-06,-1.75707855977418e-05,5.03518459254704e-05,-1.00479629064905e-06,-1.67850816074422e-05,2.23703495368078e-06,-4.73006644965511e-06,3.72073150857669e-06,-5.11428367856841e-06,6.26525527715826e-06,4.79642256481619e-06,-6.45038747709408e-07,2.78150315995601e-06,-5.27817525368764e-06,9.95373727975397e-06,2.44770767316005e-05,-3.8188829560673e-06,2.65422068769722e-06,-2.00952182748647e-06,-1.77133728919435e-06,2.59530510969244e-06,4.76882027006931e-07,-1.65369940105068e-06,2.62895698940892e-06,9.16990491038802e-07,2.37203197584471e-06,7.71432263110861e-07,-4.70380930063433e-07,5.94594795249567e-08,8.90751755377863e-07,-6.193831374243e-07,3.88453477117961e-06,-9.08108177135545e-07,3.98311556981194e-06,1.83173861255976e-07,2.77400503630912e-07,-2.56106962830647e-06,1.0164181064867e-06,3.39469964431077e-06,-3.0612655446203e-06,-7.35445311731396e-05,-8.68569652001456e-05,-5.99327956129277e-05,-3.01105656600624e-05,2.40394981801969e-05,-0.000214718163498123,-9.06317837113799e-05,-0.000128361033826728,-8.61671421567892e-05,1.22052868496446e-05,-1.62419714887941e-05,-2.5891301362279e-05,3.18295876388389e-05,-1.90976145922408e-05,1.37321041554323e-06,7.00449595175379e-06,0.000123568436537057,4.85301599084988e-07,-2.93502655195649e-07,3.59214786003325e-07,-2.89920088837109e-07,7.50663844909606e-07,1.35471162863192e-07,-1.77504832594748e-07,9.83321287408074e-09,3.74913890272682e-08,-2.0120269465762e-07,2.94757838095788e-05,-5.38892710885972e-05,4.73659511920344e-05,-0.000149805446133288,0.000353950333904581,-0.000157376324949661,-6.54790904677039e-05,-0.00018709666544749,9.97433385124301e-05,2.2647913810636e-05,-2.19669002257907e-07,-0.00363650840221685,0.00601795828102843,-0.000989929113497604,-0.00494409569282035,-4.24416122724339e-05,4.12559132237653e-05,-4.59040211456016e-05
"east_of_england","beta2",-0.000151595226411636,-6.58780502466596e-05,0.00030397599010887,-3.25539678414156e-05,-0.000140557326460675,3.17539455666205e-05,-2.94168966183624e-05,2.28225047117362e-05,-1.28963069352056e-05,-1.51954481607868e-05,5.4002930478793e-05,-5.63951061396815e-06,1.25629873435791e-05,-1.39306814632966e-05,2.44770767316005e-05,0.000326387992502994,-8.55242173506413e-06,2.59616256228832e-05,-1.39224493668754e-05,-1.8208568643902e-05,1.88058439659723e-05,-4.44177249426813e-06,1.41020375883555e-05,-4.33514677606789e-06,2.59783599839652e-05,1.10632541560546e-05,-7.95432862148597e-06,3.00653618735144e-06,9.01406225893928e-06,-9.20807159993187e-06,7.89406725594657e-06,1.92353640028616e-05,-1.74849632089295e-05,4.43705059369447e-05,3.89280492104932e-06,-3.62883464350117e-06,1.65472062048786e-05,-2.58916156125334e-05,3.85872025704164e-05,-3.97242284722472e-05,5.01710388975324e-05,-0.000924203250433068,-0.000358296511502617,0.000169287329341732,-0.000342782618104102,-0.000770828079434578,-0.0003817762230392,-0.00041224610901682,-0.00022767307021809,-8.69472738796413e-06,-5.37211682447992e-05,-0.000323529920978471,0.000298887086422816,9.17543744126531e-06,0.000164524666487753,1.40433794039349e-05,0.000526427681789878,-1.58740716118469e-07,1.8405995596915e-07,-6.61681233174203e-07,-2.39837319401015e-06,-2.75012691406113e-07,3.38782821433711e-06,-1.6851236460019e-06,5.20395999926542e-08,4.53339367380633e-07,2.85077999559804e-06,-0.000347406552935289,0.000862293291431863,0.000154497028432764,0.0003641077895279,0.00262509117685287,-0.00143443495817755,-0.000465905062472539,-0.000954079996015245,0.0011400460730945,-7.86346550958615e-05,-6.40302017222712e-07,-0.0125187760204696,0.00828767744289967,-0.00205349396020852,-0.0391356451440365,-0.000162646736452056,2.88413686185202e-05,-0.000115381343335703
"east_of_england","beta20",-1.39073362017335e-06,9.95178955403308e-06,-1.18053639451332e-05,-6.12303402937553e-07,6.14376721942636e-06,1.21405989421982e-06,2.9776705693409e-07,-1.58229100475034e-06,2.03943679594172e-06,-1.82132196750795e-06,-1.65909472852699e-06,6.81264333686712e-07,-8.96013909798209e-07,2.94847988029194e-06,-3.8188829560673e-06,-8.55242173506413e-06,2.29716162627005e-06,-2.26086814245649e-06,2.15523725240298e-06,1.36724925333205e-07,-9.95035553604646e-07,2.28807581733229e-07,3.45422800276276e-07,-3.60094848123178e-07,-2.21051648068019e-06,6.16409579943309e-07,-2.21623552205441e-07,-5.44038405914797e-07,7.16344019661762e-07,-4.51658170251214e-07,6.83341381960755e-07,-1.45346501759585e-06,1.30406035397766e-06,-3.29992463131757e-06,7.51162573910062e-08,-8.35879095330692e-07,2.50760119069752e-06,-1.72755050969691e-06,-9.8030015030854e-08,-5.95845668244229e-07,5.01998147595385e-05,1.91395169657618e-05,2.25742468780022e-05,1.54683440774553e-05,-5.33666734722532e-06,0.000101327988205327,3.04987628812943e-05,4.29545222703979e-05,2.82130006070704e-05,-8.83308880438257e-06,4.33951615771196e-06,9.4762968709811e-06,-3.09942989894875e-05,-1.27310946324986e-05,-8.45270898461793e-07,-1.40615829557506e-06,-4.06009955768739e-05,-1.44432661385777e-07,6.6657084448272e-08,-3.30457990552283e-08,5.68186544622009e-08,-3.88395621742928e-07,-6.41353032428291e-09,1.89627079799865e-08,6.27740962772828e-09,-6.37405660154356e-08,1.16003689947933e-07,1.09661775557985e-05,5.76842734934823e-05,-1.024788016243e-05,4.66140647670054e-05,-0.000139058785185805,5.78024098377231e-05,4.43677684369796e-05,5.99938562217054e-05,-1.94733104939282e-05,-1.15921324712884e-05,3.52724108859376e-07,0.000550449836262326,-0.00208858153640619,0.000169534375385549,0.00183822391844995,4.23828540173977e-08,-1.26648481104251e-06,3.23179511702932e-06
"east_of_england","beta21",-1.65422608892493e-05,-4.19760321311224e-05,8.32614637240774e-06,2.24558752733292e-06,-1.27411379243335e-05,-1.18220241967746e-06,1.61432687709488e-07,1.88714593150331e-06,-1.66431050482263e-06,-8.21787703710078e-08,3.78435718620661e-06,-9.15870425368403e-07,9.59545827663525e-07,-2.51772301804972e-06,2.65422068769722e-06,2.59616256228832e-05,-2.26086814245649e-06,7.02106870619929e-06,-5.21245347399343e-06,1.95868156374674e-06,2.89714120791491e-06,-2.02797782785689e-06,3.35412079502334e-06,-1.3734518256756e-06,7.51578896208344e-06,-1.48174546917395e-06,-1.23102078669703e-06,2.09239560906414e-06,2.63045774193105e-07,6.75909373651655e-07,1.51974363650115e-07,3.37314311270488e-06,-3.62664118975359e-06,9.34316778322379e-06,3.19488818769176e-07,3.80957949937248e-07,-9.73017133095009e-07,4.15835134385604e-08,2.35039359491257e-06,-5.2604323108267e-07,-1.08491647323657e-05,-3.12187011375279e-05,-2.46340670139653e-05,2.89317324692985e-05,-5.9372471649342e-05,-9.22153784291487e-05,-2.24489319944496e-05,-4.34767957268977e-06,-7.89050878564806e-06,1.37745855035088e-05,-5.00977533280275e-06,-3.57919897071614e-05,4.27703187899562e-05,5.33687242815501e-05,-8.77034697528122e-07,2.77006954792615e-06,2.52432897504244e-05,-1.55877630726909e-07,-6.27927271950258e-08,-3.55888811626814e-07,-8.74136623390446e-08,-8.94571314914718e-09,5.23172965564354e-08,-1.9414866619196e-07,8.63328418330345e-08,9.37192758820133e-08,-3.3727861966748e-07,-9.31142011401704e-05,-3.76061275754808e-05,6.24362086479758e-07,5.99694655368398e-05,0.000313269448383398,-0.000135463222419045,-7.18892130920949e-05,-9.77756265674919e-05,9.93092848105863e-05,-2.88701026527689e-05,-6.8438839895319e-07,-0.000814467637160802,0.000771037463752676,-0.000291710507552419,-0.00388143926104622,-3.61679861535744e-06,-3.83066905786231e-05,-5.91369230376196e-06
"east_of_england","beta22",9.38565492916991e-06,6.64102916848567e-05,3.15123022329129e-06,9.66510487743375e-08,8.60098366745033e-06,2.59110983342553e-07,2.10224259362354e-07,-7.3287103969411e-07,1.54553813681405e-06,-2.18651967385766e-06,4.02655759644045e-08,3.02706564278299e-07,-3.68366029568206e-07,1.13619523202827e-06,-2.00952182748647e-06,-1.39224493668754e-05,2.15523725240298e-06,-5.21245347399343e-06,7.91514529348863e-06,-2.87848120928819e-06,-2.05219886543126e-06,2.68246584915754e-06,-2.27656914282068e-06,2.65447657882061e-06,-5.83787608611025e-06,2.44435592579241e-06,1.09476134158321e-06,-3.04445837208135e-07,-7.8094478204298e-08,-1.23361045863527e-06,2.49186329184515e-07,-3.12127224906983e-06,3.89329809303448e-06,-1.01471714037082e-05,-4.12107281202561e-07,-4.03495132152263e-07,8.12705935303975e-07,3.02742888378257e-09,-7.65036877850769e-07,-1.83302342933227e-07,4.67892314394248e-07,2.49451498183615e-05,1.13645772449844e-05,-6.47206373502109e-05,2.06252904505303e-05,7.38719459883856e-05,-1.6390648187229e-05,-4.30913504320513e-05,4.24368764462167e-05,-9.97875710509733e-06,-1.0072337491914e-06,2.14036632264829e-05,-9.30565074398668e-05,-6.31152926460721e-05,6.70312138653616e-06,-5.33155502106695e-06,9.59739637198346e-05,-1.38810925779966e-08,5.34583890034095e-08,2.69203729686141e-07,-6.944063906156e-09,-4.34707545109828e-07,1.132103205682e-07,1.17468100233665e-07,-5.6772006816237e-08,-2.7662813466264e-08,6.47959050830796e-07,3.71022167798658e-05,6.80965027029617e-05,8.48676468375628e-05,-3.25730866551709e-05,-0.000163467331735819,5.81553891762902e-05,0.000113577236165256,7.35994958245655e-05,-1.34947492677369e-06,4.00243537210124e-05,4.3195319526364e-07,0.000672372116288816,-0.00215877069068897,0.000202815981182882,0.00277993354991293,2.2179399976644e-06,-1.41612148527406e-06,2.0615188302608e-05
"east_of_england","beta23",1.71442812079614e-05,-4.66339332586408e-05,-2.54206337948295e-05,4.37334923508617e-06,6.83065293621852e-06,-1.65507851590964e-06,-3.35412779741985e-06,9.58947386218426e-07,-6.92243800213526e-07,3.47107996526791e-06,-3.42109428997051e-06,1.4901456544869e-07,9.74065654094616e-08,-3.06864948445032e-08,-1.77133728919435e-06,-1.8208568643902e-05,1.36724925333205e-07,1.95868156374674e-06,-2.87848120928819e-06,1.11748122582463e-05,-1.52860185250655e-06,-1.2193176730214e-06,2.35534825808039e-06,-2.39234277237367e-06,3.79028152416145e-06,-3.13114114503812e-06,-5.45659168405191e-07,2.19716856896713e-06,-4.00592491443287e-07,4.8944864995806e-07,-3.85843000126518e-07,-1.333631591374e-06,2.13953005367208e-06,-6.30506530943424e-06,6.74108186335881e-07,-1.83405586459753e-06,8.76702873177108e-07,1.89883956822476e-08,-2.15700435820916e-07,4.06641579410824e-06,8.82082720815243e-05,0.000100013848210942,6.45499053128981e-05,1.84864885272634e-05,-4.27453929774438e-05,4.05159477782672e-05,7.26342052245711e-05,7.00644116073367e-05,3.384980170459e-05,4.49354250582964e-05,8.31153371218738e-07,-2.2895342507365e-06,-0.000149416394700104,5.00633286414795e-05,-3.22942947485033e-05,-9.90073267656118e-06,-9.77502767277029e-05,-2.10351160608391e-07,-2.3701899139855e-07,-2.86702562405782e-07,3.12070313156774e-07,-1.6074004748333e-07,-6.3507214771919e-07,-8.52787297825248e-08,1.7737934056099e-07,-6.56413888701964e-08,-1.0394273764082e-06,-7.50876249980713e-05,-0.000173862067937445,-1.83169547530311e-05,6.66548721777323e-05,-4.75968146242897e-05,0.000104261823047873,8.66866286963061e-05,0.000116178647388111,-4.91850586515104e-05,-2.38256902188278e-05,-2.5478459768486e-07,-0.00200560922534951,-0.000855956508185148,-0.000281008850857016,0.0015073840653763,-9.1870378743873e-06,-1.27696968027743e-05,1.80703350671182e-05
"east_of_england","beta24",-9.84856747689958e-06,-3.2243388821455e-05,1.93245621621168e-05,-3.13735599067009e-07,-9.43836110601496e-06,1.60719500660783e-06,-7.34575448559096e-07,9.0833512899566e-07,-1.39730500637613e-06,1.47476468608306e-06,2.05149317126563e-06,-7.59814794689705e-09,6.49706026060986e-07,-6.59963208727133e-07,2.59530510969244e-06,1.88058439659723e-05,-9.95035553604646e-07,2.89714120791491e-06,-2.05219886543126e-06,-1.52860185250655e-06,2.55053380468668e-06,-1.07343729920589e-06,1.30735241321528e-06,3.84849253383177e-08,2.11271389607994e-06,1.26370278800273e-06,-4.58665429691141e-07,-3.98367172393401e-07,1.14255387636557e-06,7.68801941120052e-07,4.19823566047186e-07,3.09898160385749e-06,-2.07424640917017e-06,6.63569798023567e-06,1.67197019527303e-07,-2.16170546767908e-09,3.4123008070499e-07,-9.49353633393878e-07,2.2554086912997e-06,-2.44863347302488e-06,-4.41900346222679e-06,-5.56446167280412e-05,-3.63859758521504e-05,2.54563335819925e-05,-2.77226656954516e-06,-4.36333078462661e-05,-3.32110449906537e-05,-1.19650518252346e-05,-3.19709273616882e-05,-8.34770365357023e-07,-7.16584319943722e-06,-2.14895928887424e-05,4.86132839850378e-05,-1.86377133627195e-06,1.04138821203888e-07,8.5338871409296e-06,3.0309174338972e-05,3.78244849132533e-08,-8.51885726496385e-08,-4.15391427628101e-08,-1.91440224127159e-07,2.38869223054257e-08,1.5130334102686e-07,-1.6104799419148e-07,3.53020403036821e-08,1.43845112596042e-09,-1.52845041559075e-07,1.27243849476343e-05,8.82941426270962e-05,-1.46099363856558e-05,-3.03711057324256e-05,0.000211309354897565,-0.000102705097972558,-5.65359637061785e-05,-0.000124464593393736,8.44032136694339e-05,-2.04494522099883e-05,-5.56696795523833e-08,-0.000988509658055867,0.00142676000838456,-0.000424745996410332,-0.00277144839736362,-1.74314604295362e-05,-2.61091814950861e-06,-3.22337732527221e-05
