"region","name","alpha_admission","alpha_D","alpha_death_hosp","alpha_H","beta1","beta10","beta11","beta12","beta13","beta14","beta15","beta16","beta17","beta18","beta19","beta2","beta20","beta21","beta22","beta23","beta24","beta25","beta26","beta27","beta28","beta29","beta3","beta30","beta31","beta32","beta33","beta34","beta35","beta36","beta4","beta5","beta6","beta7","beta8","beta9","mu_D","mu_D_2","mu_D_3","mu_D_4","mu_D_5","mu_gamma_H","mu_gamma_H_2","mu_gamma_H_3","mu_gamma_H_4","p_G_D","p_G_D_2","p_H","p_H_2","p_H_D","p_ICU","p_ICU_2","p_ICU_D","p_NC_15_24","p_NC_25_49","p_NC_50_64","p_NC_65_79","p_NC_80_plus","p_NC_weekend_15_24","p_NC_weekend_25_49","p_NC_weekend_50_64","p_NC_weekend_65_79","p_NC_weekend_80_plus","p_W_D","rel_p_D_alpha","rel_p_D_delta","rel_p_D_omicron","rel_p_H_alpha","rel_p_H_delta","rel_p_H_omicron","rel_p_ICU_alpha","rel_p_ICU_delta","rel_p_ICU_omicron","rho_pillar2_tests","seed_date_alpha","seed_date_delta","seed_date_omicron","start_date","ta_alpha","ta_delta","ta_omicron"
"east_of_england","alpha_admission",0.000216348128571763,-0.000239289782027732,4.02929709166973e-05,-1.78721120875936e-05,6.91983701881116e-06,-5.51684668946703e-06,-5.80299858456852e-06,2.31237625224753e-05,-2.88531015180425e-05,3.2724694935971e-05,-9.84031771838989e-06,-4.19345884154271e-06,-4.94438388775891e-06,6.93157163082136e-06,-1.69490571128437e-05,-5.8913807959289e-05,1.37001089472152e-05,1.32027771237541e-05,-4.28178004651438e-05,1.91736337282935e-05,-3.35489057030649e-06,-5.23599268566077e-06,3.68351107341885e-06,2.37828648284096e-06,-1.75740929311577e-05,1.13533435236336e-05,2.45131682141036e-05,-1.35267763333525e-05,4.77836002171008e-06,1.33622098791498e-05,-4.35001461285931e-06,1.69050065860655e-05,5.82794804478018e-06,8.17085768997975e-07,-1.91544224963741e-05,3.1633119219824e-05,-5.04868225216208e-05,1.43967303001548e-05,2.94726229532691e-06,5.95419859154426e-06,-0.000761940051449905,3.2999723167586e-05,0.000249976677841827,-0.000194143232115952,0.000459144543321855,0.0005807475267503,0.000638225781838178,-0.000501336572978264,-9.50278829649071e-05,1.78170630998711e-05,0.000173362756406975,0.000220871476057674,0.00064970007541709,0.000411485974787738,6.63038551257614e-05,-6.17038199131413e-05,8.60989647608227e-05,3.68110316499368e-07,-9.1425659565252e-07,-1.45637576879881e-06,7.60455337803564e-07,9.76612335690179e-07,8.91289734476586e-07,1.00016528856402e-06,-1.25708635609353e-06,-1.25217800719241e-06,-2.6460971307951e-06,8.59360041929307e-05,-0.00183673762019614,-0.000334601651706721,-0.000872879990189624,-0.000226414981827053,-5.5190968811173e-05,-0.000663001726168548,-9.3295516871718e-06,-0.00020084111173333,-0.000126212656741606,-9.84944888263131e-07,0.00837828160652754,0.0158786559145075,0.000578163529939678,0.00859018058634473,5.30543985231606e-05,-0.000150938643928786,-6.28670018048813e-05
"east_of_england","alpha_D",-0.000239289782027732,0.00397825964418007,-0.0002405812784749,-0.000186291941912126,5.73987965707621e-05,1.71423071646601e-05,3.17699020844851e-05,-2.78272198605662e-05,2.87664619617151e-05,-3.17663441677727e-05,2.66124474109521e-06,-7.65865209253479e-06,2.5919717529708e-05,-1.81448535384694e-05,-4.36556748649489e-05,-0.00015392721513348,1.14789135952657e-05,-6.27763816449065e-05,4.89816225296256e-05,-3.05057226731455e-05,-1.21091048027882e-05,-6.48638800252191e-06,-3.19257249558772e-05,-2.06265456004307e-05,2.35319637759914e-05,-5.96840090696445e-05,1.03759984734365e-06,1.30544993837059e-05,-2.79892596031145e-05,-8.26612699270132e-05,2.37683208608483e-05,-7.76542226968107e-05,-6.1795401732248e-05,0.000126080559943697,4.26356430694839e-06,-4.54651564482354e-06,-2.7250271265852e-05,5.20048369780968e-05,-3.35375187142008e-05,1.19739657700882e-05,0.00173978096330767,0.000808213090965447,-0.000501411711337599,-0.000387686363932539,-0.00115346667725383,0.000292665257443974,-0.000421326963116876,0.000298636470730336,-0.00015801944261229,-0.00024604347055854,-0.000196045705305387,-0.000614427736753446,-0.00236414407747366,-0.000134283528325521,-0.000263812663760425,0.000138356347232756,-0.00181853733412259,6.59929053154726e-07,4.83263436873906e-06,6.35061262083822e-06,3.14368940331167e-06,8.77405268531972e-06,2.6518290340761e-06,-3.77674048522744e-06,2.87588261398346e-06,3.83239933703114e-08,3.31019151582704e-06,-0.00187092448067767,-0.000187111967978103,0.00152005947222897,-3.34256675146887e-05,-0.00110966542287503,0.00179869275631886,0.00272056267603647,-0.001214517841214,0.00140831085322914,0.000597999232092982,7.40123677693783e-06,-0.000536211709886738,-0.0208083497549667,-0.00352231438760843,0.00300617936094217,0.000201610461786847,0.000995774473543356,0.000172054345311552
"east_of_england","alpha_death_hosp",4.02929709166973e-05,-0.0002405812784749,0.000239486536796621,1.92822186302221e-05,1.47483614781981e-05,-1.75625810073831e-07,-3.11716128047844e-06,1.14455703830229e-05,-1.88784745489756e-05,1.67663364848541e-05,-1.13721074914911e-05,-3.60838633727444e-06,-3.48383701411538e-06,-7.26094255232229e-07,-7.38633429084034e-06,-4.79231288455572e-05,-7.97303422752286e-06,2.82558998481992e-05,-4.33326028478042e-05,1.3976106981167e-05,-5.06146936143095e-06,1.75541505259535e-06,-4.77192036630898e-06,7.98196375077031e-06,-1.84806324215742e-05,2.74406170499406e-06,4.43556499906396e-06,-4.3964419157785e-06,-8.46137712214256e-07,1.56469328768503e-05,-5.26324178239534e-06,1.90661325443641e-05,1.54673312655289e-05,-5.70763981855867e-05,2.8266997582096e-07,4.16113623401654e-06,-1.70524241726804e-05,-3.03514881677412e-06,1.3373596934876e-05,-9.68342544308428e-06,-0.000582540036645503,1.59322342509776e-07,0.000571227250704722,-0.000248024394693868,0.000451875526778982,-0.000498192381633129,0.000516679825397372,-0.000241793373748973,-3.55696999353065e-05,8.01516511658388e-05,0.000136253006711815,0.000202267756655183,0.000544861388409062,-0.000129426977878191,4.65652400166997e-05,-8.15251777540481e-05,1.9333275614644e-05,-8.91640197244772e-07,-1.00922331139506e-06,-1.20851287527916e-06,-1.3091501334118e-06,-1.40887817307362e-06,-9.54920392332354e-07,-1.70355689700671e-07,-1.57651929240842e-06,-6.12389942429581e-07,-4.08470476297178e-06,0.000708358760889518,-0.00173482782786448,1.63734144193423e-05,-0.00100416265527795,0.000348856402149604,-0.000437429475179947,-0.000545085064886239,0.000211711537452902,0.000295681116728417,-8.20711844529144e-05,-3.4627770444339e-06,0.00679182624848978,-0.00085467191885046,-0.000894403446335442,0.00807077966287337,7.6687857408972e-05,-0.000219040099008793,-8.11433411779343e-05
"east_of_england","alpha_H",-1.78721120875936e-05,-0.000186291941912126,1.92822186302221e-05,3.907154624914e-05,-7.56071482427294e-06,-1.85307426400737e-06,-6.61321930553529e-06,1.65002879905767e-06,-9.72957050056664e-07,2.55031572059769e-06,-3.95010791753015e-06,6.96632992829753e-07,-4.60531275167012e-06,-7.88762178047851e-07,1.04278235462685e-05,-1.79732854601514e-05,-4.89002287518447e-06,2.21867908750778e-06,1.59701552394397e-06,-1.61613870783518e-06,-5.51922655210834e-08,1.16328778586095e-06,1.79266299319126e-06,1.36057530162163e-06,-2.85046289642683e-06,1.40073549325502e-06,4.03789453051526e-07,2.88953471990449e-06,-8.94157186359203e-07,5.31581459166711e-06,-2.09920165917734e-06,-1.27073664268729e-06,1.17968662695337e-05,-3.49690615749984e-05,-1.69743811389065e-06,2.02631236601047e-06,2.84767682406339e-06,-3.65814201140319e-06,1.96398517961523e-06,-3.12931855207854e-06,-0.000320123612493155,3.73847137618828e-06,4.62211651305315e-05,-4.62727859510677e-05,0.000130665019629224,-0.000248072712205826,0.000229107151440553,-8.62820192576684e-05,4.46967629227245e-05,1.76968560367361e-06,1.56373544251681e-05,0.000142095359093577,0.000165364247491444,-8.60867748887844e-05,-2.70526380000018e-05,-3.05794152730925e-05,0.000379110528706286,2.00961781955788e-07,-2.41893025764185e-07,-5.55529540747104e-07,-2.31045675806889e-07,6.66383560410868e-07,-5.57200877249755e-07,3.45910610832703e-08,-2.45908005823433e-07,3.76271644584328e-07,2.86068154274918e-07,-6.97617290567014e-05,0.000595106594239446,4.01626284854185e-05,-0.000279370268381057,-0.000535542026890302,2.00547361634085e-06,-9.46051924348403e-05,0.000396101719381362,-0.000245367671310224,-7.424661514569e-05,-1.31307499094233e-06,0.00234641793699858,0.00376966058938766,0.00102133034596955,-0.00323087378454061,3.27340880908263e-05,-9.60814949342851e-05,2.5862059571678e-05
"east_of_england","beta1",6.91983701881116e-06,5.73987965707621e-05,1.47483614781981e-05,-7.56071482427294e-06,2.5482694531563e-05,2.37304726482378e-06,1.85868148515897e-06,4.42322583484759e-06,-6.69671577360401e-06,8.4685358309351e-06,1.563297816835e-06,-2.83590699157695e-06,3.3494338309035e-06,-1.33443251920811e-06,-4.88403668183209e-06,-4.99975557683479e-05,-2.56559255657022e-06,1.08848192049172e-05,-2.08126146626579e-05,6.67401464961117e-06,-2.14390027032989e-06,-5.84351204938931e-07,-4.72874106089006e-06,6.26874956058069e-06,-9.68333851852375e-06,-6.78895318435132e-07,-4.27602110420023e-07,-1.96108423922674e-06,-3.07633684654462e-07,-2.25326982631048e-06,-7.06193491611174e-08,8.68799512577559e-07,1.49708423332563e-06,-1.3599269618384e-05,2.91767436924936e-06,-3.06142150897434e-07,-7.00150837390163e-06,2.56127386046369e-06,5.91992607331513e-06,-5.6053985169552e-06,6.9210980555038e-06,0.000123709060907502,0.000146216704696004,-0.000199544679183001,-1.8739839947202e-05,8.52282900899044e-05,7.38113601339079e-05,-7.3447694805633e-05,-4.3600985800552e-05,-5.90908533778818e-05,1.97811534891889e-05,-4.65674644497057e-05,-0.000180967227986823,-0.000117982530621621,-1.3658946214533e-05,1.22536248920926e-06,-0.000117646663101067,-9.28705947154975e-08,1.19607808084911e-07,2.08175551072116e-07,-3.43535239382006e-08,3.47423310098864e-07,-4.60682582786152e-07,-2.61143200803128e-07,-1.43930684090754e-07,-2.59736206120355e-07,-1.13396757877215e-06,4.7734651524341e-05,-0.000400010821348422,0.000164933263780315,-0.00021831645238476,0.00028775497317492,9.60648925725178e-05,0.000142909282183777,-0.000136556512892036,0.000186391377064533,6.84678847300662e-05,-6.37322020782617e-07,0.00173467290970151,-0.0008710981824195,3.00366921445821e-05,0.00683326761671682,1.28674314160815e-05,1.02723606056325e-05,-2.6245094004985e-06
"east_of_england","beta10",-5.51684668946703e-06,1.71423071646601e-05,-1.75625810073831e-07,-1.85307426400737e-06,2.37304726482378e-06,3.35739849003763e-06,-4.94419391157098e-06,9.85035787067508e-07,2.43167246962481e-07,-1.42605163135622e-07,-1.11268707657909e-06,5.20745723029601e-07,-6.56920764674721e-08,1.2818944156125e-06,-4.19187624527958e-07,4.14379240729745e-06,-3.27453198741938e-07,8.50080728755309e-07,1.2971662211419e-06,5.21217808158463e-07,4.68763263460624e-07,5.21377678078207e-07,6.27706196044815e-07,5.99808241075196e-07,1.20400877277029e-06,-5.05042453914161e-07,-2.34742723566705e-07,1.69552163288115e-06,4.57283241764956e-07,6.10551663817009e-07,6.46432595295905e-07,2.71831981109373e-07,5.88705403598085e-07,1.62929472238996e-06,3.20743713008297e-07,-8.74955477789238e-07,2.36297230681852e-07,3.7716725777941e-07,-3.00900601050423e-07,-1.69091513706134e-06,2.6389003529519e-05,-1.33657669627562e-05,1.30110552131978e-05,-2.71426707144214e-05,-4.76325078709944e-05,-7.59317076218682e-08,4.21676257336539e-05,-2.28559909091921e-05,7.24392184587135e-06,-7.01499712344376e-06,-3.36067451860217e-08,-2.19366244808517e-06,-4.37263705162479e-05,-4.04697587673472e-05,-1.77016400317936e-06,-1.32672737111282e-06,-1.63407360295774e-05,2.33736093324146e-08,3.03994711349941e-08,-9.44833042405025e-09,-6.82382003878023e-08,1.18660554880771e-07,-2.1396697539133e-08,-2.15688217878008e-08,-2.61853973108892e-08,-2.59930630506228e-08,-2.80562323984614e-07,-3.86386242610455e-05,0.000112969084823418,5.67390564874132e-05,-9.04451825093061e-06,-2.76001411863491e-05,4.98187063646168e-05,1.21815503739169e-05,2.31056041108383e-05,-2.43025106712882e-05,-1.11977008082532e-05,-1.07034799417537e-07,-0.0011220756618328,-0.00286462530284666,-0.000220565105397211,0.0011343243846243,-1.01533468840003e-05,-1.94896622081672e-05,-2.28913982506013e-06
"east_of_england","beta11",-5.80299858456852e-06,3.17699020844851e-05,-3.11716128047844e-06,-6.61321930553529e-06,1.85868148515897e-06,-4.94419391157098e-06,1.33363685509731e-05,-4.68821606275011e-06,1.93613879668747e-06,-2.59984108142736e-06,4.1928441576205e-06,-1.0177802682644e-06,2.49336475729113e-06,-3.26226512995899e-06,-1.34164745595517e-06,-2.69959496869615e-06,-1.84301037159822e-07,-1.36875306445223e-06,-2.19688671308455e-06,-1.28155239859401e-06,-8.44948894384619e-07,-8.65664607451459e-07,-3.09166103426854e-06,-1.42596088230055e-06,-3.56005793543008e-07,-1.33977601604862e-06,-3.34006417472706e-06,-3.32652221292616e-06,-1.25337479063275e-06,-4.44999959597667e-06,-6.43425720953762e-07,-1.04127065489025e-06,-5.1970551007891e-06,3.34727431886188e-06,3.34324171461174e-06,-3.55270447664038e-06,4.8704414175306e-06,-1.89454082441122e-06,1.04633051184799e-06,2.04224011965183e-06,0.000135619479658912,2.70075031198363e-05,-3.38040924368632e-05,7.16625878290094e-05,-8.02622728708581e-06,2.24840466691328e-05,-0.000231273919819678,0.000140363852856937,-2.75727647932082e-05,2.21933210114495e-06,-2.22203187430807e-05,-7.72582876712794e-05,-7.18474953938981e-05,4.7470625721856e-05,-5.1815315948525e-07,2.07123935021636e-05,-0.000132967361779905,-2.54917310467004e-07,8.98748641601874e-08,3.83343980118167e-07,7.03547069539358e-09,-7.16674620162076e-07,-3.80279702293156e-08,-1.90867396700824e-07,1.9770287676652e-07,4.57798477938577e-08,6.02613459729296e-07,0.000121275713051375,-0.000250269071677182,-8.2874002656401e-05,0.000199982058280088,0.000369392068421926,-9.84976994244734e-05,9.64871826146592e-05,-0.000197804089764306,0.000185193926818586,6.29979759134003e-05,6.85430334771347e-07,0.000736636692443077,0.00234638380031478,8.39163440685119e-05,-0.000823392186525364,3.03362210445635e-06,8.17615409271435e-05,5.07682207399895e-06
"east_of_england","beta12",2.31237625224753e-05,-2.78272198605662e-05,1.14455703830229e-05,1.65002879905767e-06,4.42322583484759e-06,9.85035787067508e-07,-4.68821606275011e-06,6.66763489651358e-06,-6.35386634385692e-06,7.7079980334637e-06,-1.9693568385051e-06,-1.18071405862684e-06,-7.92282740028126e-07,1.04221235201838e-06,-1.48250247092299e-06,-1.71210328751039e-05,5.72102801421558e-07,3.71654301162263e-06,-1.01763230267586e-05,3.50314106731844e-06,-1.35978631773977e-06,-4.95894839000073e-07,4.30945007021712e-08,2.44303520083635e-06,-6.30033154066904e-06,2.17256750500057e-06,3.818652309755e-06,-1.29225583572869e-06,2.18621308819658e-07,2.19892720833291e-06,-3.63359216066008e-07,9.29273390149194e-07,3.05378829170949e-06,-5.5049614263734e-06,-2.9121693124452e-06,5.95472844480757e-06,-1.09410329932331e-05,3.93929280142018e-06,2.21758538470455e-06,-2.51515166254331e-06,-0.000138287933858753,5.7860665723509e-05,6.96468934740684e-05,-9.83196014955008e-05,4.88216698777075e-05,7.46096175685379e-05,0.000194701208752457,-0.000153379438686825,-3.90545869368306e-06,-2.5184919453233e-05,3.7817180254859e-05,5.14064234639127e-05,0.000102898024066849,-2.94943867096156e-05,1.84247007919378e-06,-1.6890717606617e-05,0.000139220999373993,2.72345982378574e-07,-7.72891463492666e-08,-2.19614561300665e-07,1.26182597740824e-07,7.48444082068648e-07,4.6263641805592e-09,2.23138582149111e-07,-1.93562317568565e-07,-1.66607447313128e-07,-7.28259184681415e-07,-6.41053329557013e-05,-0.000259567626313547,3.80591072347423e-05,-0.000207730414238935,-0.000159220332741674,5.95538914648355e-05,-8.38789464289451e-05,7.64326916476695e-05,-8.30057034431012e-05,-2.11789570671625e-05,-6.44204742255695e-07,0.00261619121992995,0.00145998666514612,0.000282184306335884,0.00218127803697665,2.35220500370185e-05,-3.31848846900114e-05,-4.16862067252471e-06
"east_of_england","beta13",-2.88531015180425e-05,2.87664619617151e-05,-1.88784745489756e-05,-9.72957050056664e-07,-6.69671577360401e-06,2.43167246962481e-07,1.93613879668747e-06,-6.35386634385692e-06,7.52668948300403e-06,-8.69633455903354e-06,1.37700531154826e-06,1.82140656036437e-06,3.42211628527537e-07,-3.09631191290062e-07,2.38362497375704e-06,2.85556816257527e-05,-3.17812379109334e-07,-5.82470232404619e-06,1.43727202977219e-05,-4.6935187827067e-06,1.65097760704913e-06,8.59635083231537e-07,6.97183284436906e-07,-3.09713217907683e-06,7.9196742178765e-06,-2.27677238286631e-06,-4.39504550123727e-06,2.43412022372524e-06,-3.34995628016777e-07,-2.41724490940325e-06,7.56681637637755e-07,-2.12859760467008e-06,-3.2437743193082e-06,8.51798002839034e-06,2.91631498716981e-06,-6.2905987364909e-06,1.19448103970061e-05,-3.75029017529141e-06,-3.00096889488539e-06,2.09990088944952e-06,0.000168669831785513,-7.00897735560364e-05,-9.61475261642447e-05,0.000112439882529541,-9.10195620128066e-05,-7.08542375197768e-05,-0.000189453069212941,0.000149242751859268,1.68728296697734e-05,2.0475124056224e-05,-4.25244530901438e-05,-5.13894920815705e-05,-0.000108411367983206,1.28127990805201e-05,-5.51998199942221e-06,1.77568233199192e-05,-7.53380124773828e-05,-1.63989819596762e-07,1.10939851562621e-07,2.46479461198267e-07,-1.14913031914233e-07,-6.26599817610422e-07,5.44309755561369e-08,-1.79088211439001e-07,2.6477998741997e-07,2.24960416129919e-07,8.92414377234818e-07,-8.89542455732822e-06,0.000404801513817832,-2.34254392641154e-05,0.000267798045665021,9.3467143972287e-05,-3.42854691163748e-05,8.83179049840935e-05,-4.18585389036876e-05,2.6246287239217e-05,8.84473308091298e-06,6.76706207607898e-07,-0.00298047214888752,-0.00266534841028918,-0.000262320625708579,-0.00265734574790605,-2.68122025957366e-05,3.17537704104937e-05,1.17811037940069e-05
"east_of_england","beta14",3.2724694935971e-05,-3.17663441677727e-05,1.67663364848541e-05,2.55031572059769e-06,8.4685358309351e-06,-1.42605163135622e-07,-2.59984108142736e-06,7.7079980334637e-06,-8.69633455903354e-06,1.13389023112351e-05,-3.26892777540673e-06,-1.7233126325295e-06,-6.09359841678322e-07,2.78046631162315e-07,-2.02565198378036e-06,-3.01604400034105e-05,1.50002216559357e-07,5.98931997547659e-06,-1.5417586150871e-05,4.65730033082254e-06,-1.40438931974889e-06,-9.99760539979693e-07,-8.6736102769726e-07,2.9841006944126e-06,-7.67110057517543e-06,1.92199388969839e-06,4.2019199841558e-06,-2.41504272327636e-06,3.06219949672561e-07,1.49546057721219e-06,-8.44402897084283e-07,9.94245396930909e-07,3.72444612550032e-06,-1.2108408676523e-05,-2.76507849080964e-06,6.97847752722485e-06,-1.32376891943753e-05,4.37231496249792e-06,3.43839792563747e-06,-2.91906459145056e-06,-0.000184402954298744,7.73845822532394e-05,0.000106282109800116,-0.00011630535552442,7.42601466056984e-05,0.000105129409721852,0.000218123595317806,-0.000173376121830343,-1.45048413628046e-05,-2.99021960130096e-05,4.41138034351843e-05,5.23094002969493e-05,9.76353542278029e-05,-1.58286279570636e-05,-9.68450703891046e-06,-1.7140969352582e-05,0.000141489926117311,2.0629464388426e-07,-1.06211536374277e-07,-2.52818829818248e-07,1.15374604053088e-07,8.40018710689466e-07,-1.11980077657831e-07,9.23002166558471e-08,-2.67820548124204e-07,-1.83204436510098e-07,-7.38658553682101e-07,-6.16459853154905e-05,-0.000366516593589198,1.49382080577418e-05,-0.000266998483161346,-0.000104936994382546,4.94253968655824e-05,-6.37819139673207e-05,3.34248090888366e-05,-3.09191426294411e-05,-1.50414024208341e-05,-7.31640308078425e-07,0.00356695243959568,0.00265209582356747,0.000670881375232702,0.00315917016446273,3.15683490427378e-05,-3.67631131839744e-05,5.38191323121634e-06
"east_of_england","beta15",-9.84031771838989e-06,2.66124474109521e-06,-1.13721074914911e-05,-3.95010791753015e-06,1.563297816835e-06,-1.11268707657909e-06,4.1928441576205e-06,-1.9693568385051e-06,1.37700531154826e-06,-3.26892777540673e-06,7.93251719436849e-06,-1.40271863738792e-06,2.43109161442399e-06,-1.3616594455348e-06,1.33448672366013e-07,-1.24665819449524e-05,4.30954280375824e-08,1.18066837263181e-06,-2.95839183290023e-06,1.26016201871752e-06,-7.97313776824421e-07,-3.30201149859993e-07,-1.91153702816341e-07,2.36396817730427e-06,-3.68424689262553e-06,1.94503920121102e-06,-1.64446857123173e-07,-1.07923352170088e-06,6.05615922511059e-07,1.02610121906309e-06,5.42682716071577e-09,1.56906400488775e-06,-9.85932917758105e-07,5.90126841090022e-06,4.12759107523145e-07,-7.46193094612733e-07,3.69331003099141e-07,8.26927723017644e-07,2.72048650040474e-07,6.92799529867267e-07,6.02596580357585e-05,5.39933497389567e-05,-3.78722073457757e-05,-1.974483146371e-05,2.12191009227565e-05,3.4039447399314e-06,-0.000100892625110118,3.12334901395895e-05,-2.81704392308001e-05,-1.07037498872661e-05,-1.35865806375492e-06,-3.3033110965365e-05,-2.81886136746679e-05,-3.22194948791669e-05,3.61443209178032e-05,4.84225831255915e-06,-9.9239545085561e-05,1.34278874982667e-07,2.08086221912761e-07,1.76189331008873e-07,1.87783094192593e-07,-2.13278058822176e-07,1.07521338102076e-07,3.28290089973828e-07,1.87254060507008e-07,-8.13876335736958e-08,-2.81491191623925e-07,0.000133248057677176,-0.000172844362330961,4.33946445673469e-05,5.14716472927471e-05,8.10022380411924e-05,1.94302964894068e-05,-3.06683353670402e-06,-3.41992266945652e-05,1.45041354089739e-05,4.76329861161063e-05,4.1114336396952e-08,-0.000476918769400976,0.00168067811240437,-0.000336779082375356,-0.000528621887550898,-1.10826789001853e-05,4.09863390214947e-05,-3.38962101053239e-05
"east_of_england","beta16",-4.19345884154271e-06,-7.65865209253479e-06,-3.60838633727444e-06,6.96632992829753e-07,-2.83590699157695e-06,5.20745723029601e-07,-1.0177802682644e-06,-1.18071405862684e-06,1.82140656036437e-06,-1.7233126325295e-06,-1.40271863738792e-06,9.89656284852522e-07,-6.04880496028282e-07,6.08693828752387e-07,7.13086338867095e-07,1.36171433314754e-05,1.06793099107176e-07,-1.85750304723656e-06,5.06091026150599e-06,-1.42874322476429e-06,7.89132832478491e-07,3.81346623807748e-07,6.45718438806937e-07,-1.40842896562132e-06,3.3356689878815e-06,-7.16949033096337e-07,-1.08348879072941e-06,9.93022089875367e-07,4.69335891272318e-08,-3.56869420972819e-07,1.85383045839916e-07,-4.94013643163581e-07,-5.31658065995274e-07,1.91137110159445e-06,5.46986286325301e-07,-1.47875032948852e-06,3.26969777741767e-06,-1.28734925938297e-06,-1.02792134718481e-06,4.75064410500175e-07,3.14018686009773e-05,-4.02693656696559e-05,-2.08420512782297e-05,4.11784175698787e-05,-3.07383245051407e-05,-1.3979121599335e-05,-3.01887081408424e-05,3.16746135197566e-05,1.16736224889129e-05,9.28213577388098e-06,-1.03819391846093e-05,-5.49826728981686e-06,-1.23239049654277e-05,1.47345673470406e-05,-6.20208556651327e-06,3.82843050783712e-06,6.06660191063333e-06,-5.83198015558431e-08,-2.84060161862436e-08,-2.4065404487501e-10,-7.84170001388053e-08,-1.80588888838529e-07,1.58041339622864e-08,-7.32421893083395e-08,2.70136112296433e-08,7.20822982908405e-08,2.76938937075901e-07,-2.71843050528905e-05,0.000158475482521098,-2.43242790992147e-05,7.58877072655384e-05,8.6652708683304e-06,-1.67113892340729e-05,5.99465700717899e-06,-1.3766664781044e-06,-1.13203004674028e-05,-1.29998947129454e-05,1.80422644897671e-07,-0.000939589327484213,-0.00124408152416902,-3.36768665113895e-06,-0.000631179338912652,-8.72293486953614e-06,-5.46651393656478e-06,9.08848164491215e-06
"east_of_england","beta17",-4.94438388775891e-06,2.5919717529708e-05,-3.48383701411538e-06,-4.60531275167012e-06,3.3494338309035e-06,-6.56920764674721e-08,2.49336475729113e-06,-7.92282740028126e-07,3.42211628527537e-07,-6.09359841678322e-07,2.43109161442399e-06,-6.04880496028282e-07,1.63051610966895e-06,-1.06565699747636e-06,-5.33578885021226e-07,-5.65365335119148e-06,-3.61354777498093e-07,1.12477868538944e-06,-2.20102600406094e-06,6.13566239029833e-07,1.34990272728983e-07,-2.09803187655179e-07,-6.99286425317407e-07,1.06944473710735e-06,-7.00641977934021e-07,1.64468180724158e-08,-8.75318488391035e-07,-3.87230617666209e-07,3.90398113550791e-07,-1.05683908573503e-06,3.11328885804099e-07,1.75609336897125e-07,-1.3910878263092e-06,2.2800129233727e-06,1.20325650122243e-06,-1.25599751050553e-06,6.0596029989368e-07,2.50815123485677e-07,5.65510137394864e-07,-9.58085721516384e-08,6.29888530768418e-05,2.22512434081282e-05,-7.45769788431636e-06,-7.64414586457621e-06,-1.90363503561775e-05,2.17849425572668e-05,-5.86607300385074e-05,2.23528927482356e-05,-1.24262572583178e-05,-5.66859227975507e-06,-7.51939181299094e-06,-3.5458073142619e-05,-6.31307336377773e-05,-1.69967491537503e-05,3.21259845104481e-06,6.50803494215513e-06,-7.32111607077183e-05,-3.75532301671791e-08,1.16242009160581e-07,1.4506153764188e-07,3.98135952831619e-08,-6.60042551436937e-08,-1.23161606945698e-08,-3.86869761474108e-08,9.25833844880885e-08,-2.25041306390724e-08,-1.6756419470477e-08,3.8075168574797e-05,-7.34201680326043e-05,1.53250499514262e-05,4.2820288133312e-05,0.00012351578598155,2.64685909889644e-06,5.22153214621229e-05,-7.5285816586824e-05,7.11358226634906e-05,3.03259163116756e-05,1.01638571491587e-07,-0.000452616744277615,-0.000336969696423853,-7.70268337248567e-05,0.000466460797290714,-6.44038116794848e-06,2.18401400024033e-05,-7.3447533236415e-06
"east_of_england","beta18",6.93157163082136e-06,-1.81448535384694e-05,-7.26094255232229e-07,-7.88762178047851e-07,-1.33443251920811e-06,1.2818944156125e-06,-3.26226512995899e-06,1.04221235201838e-06,-3.09631191290062e-07,2.78046631162315e-07,-1.3616594455348e-06,6.08693828752387e-07,-1.06565699747636e-06,2.63117300632876e-06,-1.83201198020976e-06,1.08584960046881e-05,1.19868197363856e-06,-1.32027978066017e-07,1.10588932848728e-06,4.01060765126106e-07,-5.32294434210656e-07,4.7168410201855e-07,4.19229926724045e-07,-4.06404205088856e-09,-3.91746573961849e-07,7.09470707505275e-07,9.14242779399354e-07,1.60144310470285e-07,-7.23252670466849e-08,1.21691535710229e-06,2.71838601884291e-07,4.77777486868084e-07,5.97099322343458e-07,3.61159094385217e-06,-1.00312946544934e-06,7.13229959931678e-07,-1.11086522447461e-06,1.07639950938687e-08,-3.17675509770774e-07,-3.13983938546842e-08,-1.65952855848668e-05,-2.80338572434009e-05,2.37647343271416e-05,-1.58056200561672e-05,3.22513638902484e-08,1.72973113215156e-05,3.50392432874562e-05,-2.48306469491931e-05,7.23741427031664e-06,5.05080504724735e-07,1.07039677534043e-05,1.95138833584073e-05,5.59042964631319e-05,7.23630676913136e-06,1.08280788862541e-05,-2.4440859245393e-06,1.63019281792313e-05,3.31858635688532e-08,-1.31437130323273e-07,-1.36005841130933e-07,-2.4565674954335e-08,-1.45753820105694e-07,7.04773300777672e-08,1.93679420320598e-07,-8.61070184533993e-08,-1.0316334706593e-07,-4.36044811183824e-07,-3.18466540247951e-07,-4.69012902907683e-05,1.35956405345007e-05,-2.30653760269586e-05,-4.79498693841837e-05,1.5744470719297e-05,-6.99628165444992e-05,2.78202308217665e-05,-6.17944595226023e-05,-1.79021694452448e-05,8.97688079005646e-10,-0.00017679841174829,-0.00109866087539198,-0.000249560968417162,0.000685606917250382,-5.26386636134811e-06,-1.81356914286393e-05,-8.23630723479595e-07
"east_of_england","beta19",-1.69490571128437e-05,-4.36556748649489e-05,-7.38633429084034e-06,1.04278235462685e-05,-4.88403668183209e-06,-4.19187624527958e-07,-1.34164745595517e-06,-1.48250247092299e-06,2.38362497375704e-06,-2.02565198378036e-06,1.33448672366013e-07,7.13086338867095e-07,-5.33578885021226e-07,-1.83201198020976e-06,6.24196578051283e-06,1.5118024287713e-06,-2.02848313120655e-06,-1.55393351827722e-06,5.91282970904948e-06,-2.21146240302733e-06,2.02260037820621e-06,1.83375058327588e-07,2.02481167060478e-06,-5.62709723739715e-07,3.63984924567517e-06,-1.45896222244664e-08,-1.29429800967418e-06,2.22505206509481e-06,8.68044601708467e-07,7.58266882170136e-07,-2.26972600380432e-07,-9.83641476557672e-07,1.97382516844999e-06,-6.61107921297967e-06,3.71708367223144e-07,-9.92363311915151e-07,4.38259342319223e-06,-1.29700622943317e-06,-1.04667193272492e-06,5.79912461118749e-09,-2.06703788118893e-05,-1.33844154789183e-05,-6.304991640612e-05,5.32312521261001e-05,-8.7722579294475e-06,-7.0473154893754e-05,-6.42734146485218e-06,1.24213330969569e-05,1.80035225203618e-05,7.83435892010699e-06,-1.73484216226173e-05,8.98351644211115e-06,-2.27028919624844e-05,-2.00949029344882e-05,-1.38373510431241e-05,-1.06050629644286e-06,9.60747677660073e-05,9.94870605221781e-08,1.24403407112503e-07,-1.39760667785509e-08,-2.48436087255423e-08,2.51026214407658e-07,-7.7770780540754e-08,-1.07609768242827e-07,1.27301609252165e-07,2.6909756080999e-07,7.67582177122433e-07,-5.2643098812955e-05,0.00041601677217341,-2.76019000122262e-05,6.4329792648286e-05,-0.000132833154750453,-9.49457749005244e-06,3.25090831520641e-05,7.9100829959882e-05,-5.29407229873209e-05,-1.54386844960771e-05,-1.66279549484444e-07,-0.000929365918278858,0.000485557251605825,0.000540537173084685,-0.00247599431444007,-4.28499699523017e-06,-1.51764006691018e-05,8.77349934667784e-06
"east_of_england","beta2",-5.8913807959289e-05,-0.00015392721513348,-4.79231288455572e-05,-1.79732854601514e-05,-4.99975557683479e-05,4.14379240729745e-06,-2.69959496869615e-06,-1.71210328751039e-05,2.85556816257527e-05,-3.01604400034105e-05,-1.24665819449524e-05,1.36171433314754e-05,-5.65365335119148e-06,1.08584960046881e-05,1.5118024287713e-06,0.000286221512730872,6.66556082662184e-06,-3.51225014992522e-05,7.55904403363773e-05,-2.38415360819498e-05,7.27709783514966e-06,5.99444644399282e-06,6.02366248964403e-06,-2.33331247350241e-05,4.47561452997983e-05,-6.5795060812452e-06,-2.23088034269059e-05,7.89917400958166e-06,-2.13618365707047e-06,-9.52921605542573e-06,3.44084620690657e-06,-7.69751964785178e-06,-2.24360597859829e-05,7.29654481977887e-05,1.25464607127284e-05,-2.54615267164441e-05,4.79101135794435e-05,-1.74210050986555e-05,-1.3286586189257e-05,7.89205177025174e-06,0.00092544693641298,-0.000600372824224035,-0.000387170758454254,0.000758118430165902,-0.000617420483206051,-1.46232144710642e-06,-0.000812900281660606,0.000589318825192948,0.00016188911526409,0.000108721243718519,-0.000154252358625991,-0.000212963938336396,2.69743982522552e-05,0.000212749728129885,-1.85541160961422e-05,9.06641068540905e-05,0.000163119821850448,-6.70431484787096e-07,-3.8228271123628e-07,5.96403151699976e-07,-1.11076386782694e-06,-4.44899376137269e-06,9.14650882087495e-07,-2.44720897379755e-07,8.69730811503187e-07,7.4625750606922e-07,3.60738474508265e-06,-0.00025116679957869,0.00133350863797161,-0.000500806435950003,0.00178129146670189,0.000804470080496776,-0.00042868405856275,-6.9389195410426e-05,-0.0003339252211845,-0.000112987276317799,-0.000122664651438321,3.8020869206105e-06,-0.0107534584147576,-0.021796918492731,-0.00100562105834282,-0.00922612627312546,-0.000127990421638322,5.67717756627812e-05,0.000122732907636049
"east_of_england","beta20",1.37001089472152e-05,1.14789135952657e-05,-7.97303422752286e-06,-4.89002287518447e-06,-2.56559255657022e-06,-3.27453198741938e-07,-1.84301037159822e-07,5.72102801421558e-07,-3.17812379109334e-07,1.50002216559357e-07,4.30954280375824e-08,1.06793099107176e-07,-3.61354777498093e-07,1.19868197363856e-06,-2.02848313120655e-06,6.66556082662184e-06,2.48255220396296e-06,-2.32758399661798e-06,1.51033293297995e-06,2.08231861402513e-08,-4.48470832899048e-07,-2.65531883385721e-07,5.5918527161628e-07,-1.22079535074665e-06,4.3447464526343e-07,4.78198053368019e-07,1.60815008564628e-06,-8.41124151929083e-07,-2.86365841890342e-08,2.29770204445282e-07,7.68461883608212e-08,2.69545841694657e-07,-1.47404151095095e-06,7.98260098273075e-06,-1.67560590584605e-06,2.0377508528769e-06,-2.81180327760133e-06,1.58906076729437e-06,-1.42679690384608e-06,1.55229510420479e-06,-3.58865964225403e-07,-6.00730072004414e-06,-1.72394648525372e-05,1.64183914938293e-05,7.74695378396892e-06,5.7432365382358e-05,2.83811701770828e-06,-9.97171231820186e-06,-4.47541350240893e-06,1.91248569508282e-06,8.42529421854551e-06,6.49394574136088e-06,4.56671923711194e-05,4.69545615126004e-05,1.07466205440905e-05,-1.86332356024693e-07,2.18588226166796e-07,8.86349840956112e-08,-3.15516153059167e-08,-1.82154853797642e-08,1.31734972049466e-07,-1.08016924023087e-08,2.29036726140585e-07,1.65471052908711e-07,1.97547447966129e-09,-8.83157192149553e-08,-4.51968694462082e-08,-2.85783527283769e-05,-0.000123139763573889,-2.52532929834399e-05,1.78818994448302e-05,-4.00228834874131e-05,1.16362105625e-05,-4.74507918213472e-05,-6.78975260613218e-06,-4.42855609403919e-05,-1.07740567361796e-05,2.27516004043498e-07,0.000204043226486147,0.000838839495568408,-0.000133697929679889,-0.000129173599159905,-1.16420868628957e-06,9.14079949239177e-06,-4.08834380515525e-06
"east_of_england","beta21",1.32027771237541e-05,-6.27763816449065e-05,2.82558998481992e-05,2.21867908750778e-06,1.08848192049172e-05,8.50080728755309e-07,-1.36875306445223e-06,3.71654301162263e-06,-5.82470232404619e-06,5.98931997547659e-06,1.18066837263181e-06,-1.85750304723656e-06,1.12477868538944e-06,-1.32027978066017e-07,-1.55393351827722e-06,-3.51225014992522e-05,-2.32758399661798e-06,1.18248728248818e-05,-1.70771255791664e-05,6.65074151151063e-06,-3.26157792088586e-07,-7.23179227122568e-08,-7.98187716206661e-07,6.53324999478783e-06,-8.21950333235898e-06,3.12814493852272e-06,2.43635824313216e-06,-1.13238837997271e-06,2.13608424768134e-06,4.06469905529921e-06,-3.1873875939877e-07,5.15431844038897e-06,5.20098949016623e-06,-1.39791876863662e-05,-3.64927429763709e-07,1.72428671234951e-06,-5.83171535017768e-06,-3.17772511044346e-08,4.83103702039445e-06,-2.59163261818353e-06,-0.000142722196540526,3.75235559771715e-05,0.000134471707111192,-0.00014676384739555,0.000102640959290489,-8.49939156954025e-06,0.000125027735502181,-0.000100187483630059,-2.54885441013493e-05,-2.49590944565278e-06,2.70341382020132e-05,2.24682522504354e-05,3.36350910565471e-05,-5.69951703387931e-05,1.6156917545222e-05,-1.32872088831883e-05,-9.46666792057834e-05,-1.41458465880177e-07,-1.04774540020581e-07,-3.15858494710506e-07,-8.97283610622415e-08,7.24099560984272e-08,-3.16041182704583e-07,9.28142712610281e-08,-3.006042064146e-07,-2.49693559339254e-07,-1.32816888211927e-06,0.000193037970668582,-0.000333562189034574,6.34595780868418e-05,-0.000302790176943139,0.000103652594091547,-1.08046610725875e-05,-6.33962239991889e-05,-2.07413960426812e-05,9.18241684536774e-05,2.26906357382629e-05,-8.63054210163778e-07,0.000391975145011304,0.000359330768105537,-0.00014429440091055,0.00341515957974499,-1.25225984948155e-06,-5.73230576184574e-05,-3.39062716974937e-05
"east_of_england","beta22",-4.28178004651438e-05,4.89816225296256e-05,-4.33326028478042e-05,1.59701552394397e-06,-2.08126146626579e-05,1.2971662211419e-06,-2.19688671308455e-06,-1.01763230267586e-05,1.43727202977219e-05,-1.5417586150871e-05,-2.95839183290023e-06,5.06091026150599e-06,-2.20102600406094e-06,1.10588932848728e-06,5.91282970904948e-06,7.55904403363773e-05,1.51033293297995e-06,-1.70771255791664e-05,3.72177991926048e-05,-1.20373382934455e-05,4.15967170317568e-06,1.85327909570414e-06,3.72615201180426e-06,-9.70874743978724e-06,2.06786498439451e-05,-5.20915041101907e-06,-6.71823445800545e-06,6.31384465049848e-06,-9.00675749940796e-07,-4.17653967712651e-06,1.55863753888409e-06,-5.90441584155014e-06,-6.06162758506871e-06,1.98406857410002e-05,2.81719658092183e-06,-8.73673664965924e-06,2.01173271314489e-05,-5.14872441098036e-06,-9.30257182341207e-06,5.07959968642499e-06,0.000274616151183026,-0.000178516447264393,-0.000225917435724865,0.00027761252056867,-0.000193990374195091,-0.000114984601514498,-0.00025630418383446,0.000232743623193732,6.43253251304079e-05,4.60488828959413e-05,-7.44829721244805e-05,-4.54047667985634e-05,-0.000132950369418803,7.42825687965905e-05,-2.77208916601754e-05,2.62812913929203e-05,3.38155208780706e-05,-1.04932389413261e-07,1.36224279247306e-07,3.18524834432275e-07,-1.80701310098102e-07,-7.81323568100192e-07,3.28811249320102e-07,-3.69630502868248e-07,4.59524140373554e-07,5.36162535393648e-07,2.24361536322754e-06,-0.00023004781435141,0.00102576141286083,-0.000101896394612536,0.000526696320718163,-0.000119549510087525,-3.43019399839286e-05,0.000119139891355085,3.35707164991587e-05,-0.000105470857989737,-4.81413343861759e-05,1.32653628028268e-06,-0.00537107589302833,-0.00542562359706872,-0.000145611798779565,-0.00633573863669145,-4.30724097687158e-05,2.97374137995916e-05,4.71064802017396e-05
"east_of_england","beta23",1.91736337282935e-05,-3.05057226731455e-05,1.3976106981167e-05,-1.61613870783518e-06,6.67401464961117e-06,5.21217808158463e-07,-1.28155239859401e-06,3.50314106731844e-06,-4.6935187827067e-06,4.65730033082254e-06,1.26016201871752e-06,-1.42874322476429e-06,6.13566239029833e-07,4.01060765126106e-07,-2.21146240302733e-06,-2.38415360819498e-05,2.08231861402513e-08,6.65074151151063e-06,-1.20373382934455e-05,5.52390012756022e-06,-9.22474941458912e-07,-3.45490755173212e-07,-1.27052091015627e-07,3.61159305024153e-06,-5.92910232691989e-06,2.44932048923286e-06,2.86693613273671e-06,-1.5378344599606e-06,1.30308183100261e-06,3.22476815008386e-06,-5.20325066968163e-07,3.98216867265249e-06,2.72100209487836e-06,-4.80616629897046e-06,-1.47507813771573e-06,2.99400095770177e-06,-6.51525862018157e-06,1.42367579928959e-06,2.59674022948974e-06,-1.23713317900027e-06,-0.000109817035808102,3.25896268323314e-05,7.37740310698141e-05,-0.000100723447338661,6.81942010192976e-05,3.94636812912248e-05,0.000104233765791235,-8.05919306779916e-05,-2.57989824857623e-05,-8.45475035306677e-06,2.56505509362872e-05,1.85811167154677e-05,5.25700052764598e-05,-1.3556136421439e-05,1.77895396024012e-05,-1.07988177693211e-05,-5.90291423743089e-05,1.24028411025956e-08,-4.570912175074e-08,-1.96316245108699e-07,4.75077036423738e-08,1.57626242990119e-07,-5.93376420812082e-08,1.85893094393622e-07,-2.04388884959095e-07,-2.29286455033351e-07,-9.23901948859832e-07,0.000108732668033731,-0.000288316583107318,3.80476893544748e-05,-0.000199728110632657,3.83873591888991e-05,1.5707897291318e-05,-7.54326368869962e-05,-5.59470519959524e-07,1.51084772692332e-05,4.54968094825157e-06,-4.70073825914878e-07,0.000722614771932859,0.00136245870809528,-0.000174717846029514,0.00233944968502632,1.88393204734076e-06,-3.01192593339907e-05,-2.86617219547945e-05
"east_of_england","beta24",-3.35489057030649e-06,-1.21091048027882e-05,-5.06146936143095e-06,-5.51922655210834e-08,-2.14390027032989e-06,4.68763263460624e-07,-8.44948894384619e-07,-1.35978631773977e-06,1.65097760704913e-06,-1.40438931974889e-06,-7.97313776824421e-07,7.89132832478491e-07,1.34990272728983e-07,-5.32294434210656e-07,2.02260037820621e-06,7.27709783514966e-06,-4.48470832899048e-07,-3.26157792088586e-07,4.15967170317568e-06,-9.22474941458912e-07,2.35773040124912e-06,5.72942676255986e-08,1.55336118287635e-06,-4.9472737710608e-07,4.50663092705663e-06,-2.29013853000365e-07,-7.19052927315581e-07,1.47236112586566e-06,1.54825836184056e-06,8.08088473268018e-08,3.99208544377696e-07,5.65041771486032e-07,-2.73300349822512e-07,8.03936622650326e-07,4.91414105053635e-07,-1.35417339660126e-06,3.07215779914032e-06,-1.05524003440243e-06,-1.29281318896276e-06,1.1448544676934e-06,2.5212133341418e-05,-4.25775848183848e-05,-3.31357868922705e-05,4.97918252366215e-05,-1.95107415531843e-05,-5.02467082213576e-06,-3.36385763928174e-05,2.10500886600257e-05,7.73291139267042e-06,1.90904233410577e-05,-1.66572102086712e-05,-1.47214031067166e-05,-4.42620233450242e-05,2.1509526192407e-05,-8.14340653685706e-06,4.50512525042139e-06,-3.73754130066626e-05,-9.78546434175542e-08,4.97837668877489e-08,-3.08474637846809e-08,-4.79378670284714e-08,-7.58797933175159e-08,1.30818251939856e-08,-1.68858145309268e-07,5.51300522191055e-08,9.65738778787264e-08,4.16765545035875e-07,-7.37973516984553e-06,0.000206272714177677,-4.79947694772231e-05,6.44603965918749e-05,3.05176017763234e-05,-2.85421386720132e-05,2.89177000886818e-05,-3.79962674578193e-05,3.3554975853066e-05,-4.48887844929932e-06,1.24131849800663e-07,-0.00188106901869712,-0.00125101900383985,0.000167079656188794,-0.00077767465743301,-1.74397600326757e-05,-1.59656879205793e-05,2.32199955197014e-06
