"region","name","alpha_admission","alpha_D","alpha_death_hosp","alpha_H","beta1","beta10","beta11","beta12","beta13","beta14","beta15","beta16","beta17","beta18","beta19","beta2","beta20","beta21","beta22","beta23","beta24","beta25","beta26","beta27","beta28","beta29","beta3","beta30","beta31","beta32","beta33","beta34","beta35","beta36","beta4","beta5","beta6","beta7","beta8","beta9","mu_D","mu_D_2","mu_D_3","mu_D_4","mu_D_5","mu_gamma_H","mu_gamma_H_2","mu_gamma_H_3","mu_gamma_H_4","p_G_D","p_G_D_2","p_H","p_H_2","p_H_D","p_ICU","p_ICU_2","p_ICU_D","p_NC_15_24","p_NC_25_49","p_NC_50_64","p_NC_65_79","p_NC_80_plus","p_NC_weekend_15_24","p_NC_weekend_25_49","p_NC_weekend_50_64","p_NC_weekend_65_79","p_NC_weekend_80_plus","p_W_D","rel_p_D_alpha","rel_p_D_delta","rel_p_D_omicron","rel_p_H_alpha","rel_p_H_delta","rel_p_H_omicron","rel_p_ICU_alpha","rel_p_ICU_delta","rel_p_ICU_omicron","rho_pillar2_tests","seed_date_alpha","seed_date_delta","seed_date_omicron","start_date","ta_alpha","ta_delta","ta_omicron"
"east_of_england","alpha_admission",0.000188741353268628,-0.00032256828334515,-3.42659715199617e-05,-2.4185129043778e-05,-1.26374713466363e-05,-1.89657016372595e-05,4.58295888697456e-05,-2.72683718256907e-05,2.97343451511412e-06,6.74817697140031e-07,-7.24722417182007e-07,-4.72855757220446e-06,2.23522295614809e-06,-1.78065386108328e-05,-1.32021050293582e-05,0.000100834712071412,1.23946528381489e-05,-2.1251569311378e-05,2.4778129986179e-05,-8.7410987867155e-06,-7.79584781517593e-06,3.08498291993922e-06,-5.04770420993381e-06,-2.02278754637736e-05,2.65253507407973e-06,2.26709979897416e-05,-1.71205070323528e-05,-1.58112048273784e-05,9.42539565664596e-08,5.68612020112124e-06,1.0349018864185e-06,1.19730791440191e-05,-2.00109405137768e-06,1.58651011877596e-05,8.88809866055255e-06,-7.27417855946404e-06,-7.14134996066976e-06,1.1768795110489e-06,-1.49550799056431e-05,2.73400925816763e-05,6.45832026449916e-05,-0.000155906036566809,0.000194801152536919,-0.000110954324909348,-0.000114047629286767,0.000625775535703243,-0.000188192119214046,0.000657215655847511,-4.16851810752303e-06,-7.66400860773234e-05,-3.20522738511952e-05,0.000169694379286162,7.34258196537507e-05,0.000177819334736769,0.000152986793719403,2.92245243855036e-05,-0.000640965268017951,5.6694263795312e-07,1.00371175188759e-06,-5.97945576221213e-07,-3.16325915234599e-07,-2.71283395752355e-06,2.36036987400951e-07,-3.46738834428981e-07,2.01609856024533e-07,8.16754166277375e-07,-1.28176776719392e-06,0.000693479721935009,-0.000788843310028677,-9.97125345810318e-05,0.000380006512534841,-0.000384093111000868,-0.000337612064981102,-5.82041158675439e-05,0.000344384191263568,-0.00065345667034006,-0.000245066509969993,1.44463006458121e-06,0.00575134560904682,0.00944165472517195,-0.00737754725846107,0.00102757196260301,2.67174328152521e-05,5.97762037095379e-05,-0.000275545945887952
"east_of_england","alpha_D",-0.00032256828334515,0.0143250566429235,0.00077622032854742,-4.13921649249965e-05,-0.000203070698552522,1.33332096673322e-05,-0.000266945332939598,0.000198882874882814,-5.98460988714344e-05,-1.67968041270517e-05,7.83192157187039e-05,-8.55546367590053e-06,-4.28263027839729e-05,-2.62219883903081e-05,0.000141803561649397,0.000890994627886393,9.64076787200651e-05,-6.89178581486482e-05,0.000311106740068959,-0.000143675573337899,-7.00704814426248e-05,0.000198826886806055,-6.4595639619007e-05,0.000257328693330736,-0.000175650060380109,0.000221601631518726,3.92523774432926e-05,4.01432602436542e-05,0.000109848482952237,0.000111996959845199,8.41917185278921e-05,-2.84207282018726e-05,3.90587105624358e-05,0.000144522427805776,-7.58019545707461e-05,0.000138600464115858,4.33630337263482e-05,-0.000116218336374247,0.000312392146106715,-0.000218608564341188,0.00151145201064492,0.00509576654769213,-0.00202659092562298,-0.00197519714816378,-0.000753374461333213,0.00121974390938666,0.000462185377643253,0.00331423007394221,-0.00151334255856187,0.000445550281670454,-0.000476718105432993,-0.00213615260358201,0.00098091676833081,0.000450604521409936,-8.93310961244983e-05,0.000486508207469079,0.00356836126568312,-6.44061569739656e-06,5.31079594285928e-06,1.9806928530127e-05,8.08272688867538e-06,5.51795768061012e-05,6.80521081584112e-07,1.24529163047821e-05,-9.13342651053875e-06,-1.0218107743106e-05,5.89631863718383e-07,-0.0101314412153135,-0.00718122924318432,0.00147932284408706,-0.00178748923830009,0.0155287563586569,-0.00442607363693353,0.000454342139005864,-0.00928360270906223,0.000202311409651343,-0.00176634926150739,-1.54421369079779e-05,-0.0188551540093949,0.195695790413996,0.0103372857374309,-0.0536938502475279,0.000479845363124823,-0.00207157614878171,-0.00102613316243809
"east_of_england","alpha_death_hosp",-3.42659715199617e-05,0.00077622032854742,0.000220214853021086,-6.98533517423958e-06,-2.06295196692796e-06,1.36916663911966e-06,-1.8893000366655e-05,2.17972689648626e-05,-7.69209898161949e-06,6.95551556471039e-06,1.08512796743772e-06,2.55188862299677e-06,-1.7492063587547e-06,7.02715502006867e-07,1.79392006203566e-05,3.58121231127094e-05,9.80817036564246e-07,4.62073081313869e-06,-3.69475498661692e-06,8.37069069151721e-06,-1.06520226311774e-05,1.53420225553708e-05,-8.19404007991467e-06,2.68246535199963e-05,-2.43227984701008e-05,1.73467328537213e-05,9.55016945780575e-06,1.83735595575973e-06,4.58847011248812e-06,1.0685008009177e-05,5.48629180407452e-06,-1.98976011241864e-06,-3.92574503122189e-06,2.60481230846005e-05,-7.8291699343681e-06,9.46649506350553e-06,2.13407562808536e-06,3.97988800801561e-07,1.00495327278765e-05,-1.19572881463628e-05,8.77300394905371e-05,0.00047658032662579,-0.000288469590291562,-5.38091124711368e-05,4.37380345069027e-05,0.000104631797144908,-7.56643322105505e-05,4.84014901987004e-05,-3.97915570706781e-05,0.000103687398659558,-5.20085435131912e-05,-0.000185983785144965,0.000253955874386406,-0.000276119109578129,-9.6822768803558e-06,6.4230374133439e-05,0.000894545795368157,-2.06148770083736e-07,-2.16381702987892e-07,1.53751232018807e-06,5.31997949046454e-07,3.15838137749176e-06,-2.34898919531873e-07,1.15480337745313e-06,-1.98316245411091e-07,-9.28598278994734e-07,5.64752278646868e-07,-0.000967037832211851,0.000241826713014645,4.96933031017511e-05,-1.52024194178661e-05,0.00125307171945882,-0.000375968248002449,-0.00010956896172842,-0.000945232747738754,0.000309466400938586,-3.80593354604711e-05,-9.82540103727738e-07,-0.00250413582356766,0.019886245443066,0.00188183061080034,-0.000256325246003991,-3.36901805023715e-05,-1.01568007826468e-05,-6.9620325099563e-05
"east_of_england","alpha_H",-2.4185129043778e-05,-4.13921649249965e-05,-6.98533517423958e-06,1.07724954473078e-05,2.3722062822558e-06,2.31442541856232e-06,-4.74844290067652e-06,1.87782142412929e-06,1.06155268843617e-06,-2.54040056140317e-06,-2.92916836837943e-07,3.72212393956491e-07,-9.63960320541103e-07,2.23317022396722e-06,-2.82314986210892e-07,-3.20646501352983e-05,-2.20640678229137e-06,2.07513588608358e-06,-2.30378442823436e-06,-1.02510304058243e-06,1.90729075687121e-06,-2.52266589465965e-06,5.24467494113296e-07,1.35892247484994e-06,4.75496432648508e-07,-4.52701829495518e-06,2.4311080680242e-06,9.98606871838422e-07,-1.41141816452405e-06,-1.86908144781327e-06,-1.80376277597642e-06,-2.6226049880255e-06,1.50548114923501e-06,-4.35453585649211e-06,-1.39644550869735e-06,1.94435118881736e-06,-1.4232191976149e-06,2.55707926707986e-06,-1.79826275977233e-06,-2.61682850483762e-06,-1.76843040917703e-06,-7.85303470347225e-06,2.80485937012499e-05,0.00012203881503104,5.74132196679102e-05,-0.000174126818381182,3.6806080103796e-05,-9.04925670409037e-05,1.45143996031118e-05,-4.07921763096265e-05,2.54492751449392e-05,2.19224991083754e-05,8.20825297525059e-05,-6.91187445065447e-05,-1.57981368229742e-05,-2.5309668081775e-05,7.08257365563364e-05,-2.51449070464122e-07,3.03521875848642e-08,7.25135420541223e-08,-1.50815806089464e-08,4.8629987226379e-08,-5.45400503067077e-08,2.77595029897832e-08,6.255568590099e-08,5.30782086407182e-08,1.05872289337297e-07,-7.59118292178363e-05,-2.24281623776735e-05,-3.93027263453299e-05,-5.04617962514895e-05,-0.00020222186224887,7.40376815016585e-05,-1.31155111358043e-05,0.000138537362268538,8.7969584972844e-05,6.92031418096434e-05,-8.36493427454051e-08,0.00139250742245967,-0.00313464264266191,0.000919595400033794,-0.000656320339533044,2.79750547063711e-05,-1.25007942057773e-05,4.67776623947814e-05
"east_of_england","beta1",-1.26374713466363e-05,-0.000203070698552522,-2.06295196692796e-06,2.3722062822558e-06,1.82438534467734e-05,2.66169176099061e-06,-1.88863801378345e-06,1.71691150066875e-06,-6.93683976259429e-07,2.11692102236183e-06,-5.61388156706024e-06,8.71502865177085e-07,4.73705039047299e-09,4.40277086949999e-06,-2.11271878584965e-06,-5.603053953016e-05,-4.53554836996621e-06,2.65157256675782e-06,-9.30068258729633e-06,1.78765362696094e-06,2.63344579888807e-06,-5.68581521213896e-06,1.08117522801799e-06,-2.60362239436814e-06,1.11497312285868e-06,-9.62748751990149e-06,2.93145059397442e-06,6.16929202066466e-07,-4.12519301826159e-06,-6.22567858114228e-06,-2.52422579098408e-06,-4.96299974686148e-06,8.98879283482951e-08,-1.49866147220121e-05,-5.74114735436394e-07,-2.10631849885236e-06,1.36374061108897e-06,1.72000524670462e-06,-3.80762226961219e-06,2.2622111353973e-07,3.86013181328153e-06,-0.000101741506205772,-2.7085077163123e-06,2.30616174251959e-05,2.50348275370093e-05,-0.000136896336197041,6.52490836526417e-05,-0.000231584438306054,4.25323684538277e-05,2.46372659637255e-05,1.70951004860826e-05,3.18042543507431e-05,-4.56160863761486e-05,-6.08720979210487e-05,-1.08976901242173e-05,-1.28340631785584e-05,8.07788401225248e-05,-3.69857738374324e-08,-5.79613674387113e-07,-4.46970342670317e-07,-2.37789016197288e-07,-1.42633119806006e-06,-9.96548426785926e-08,-4.00226548010574e-07,1.70805476609724e-07,9.05170775563801e-08,2.37618513927066e-07,0.000300419663248923,0.000415908875051818,-3.2062992112138e-06,-9.1512838538058e-06,-0.000382547517506611,0.000204450661652001,5.35270921589999e-05,0.000163904123422655,6.10825429377691e-05,8.6448616385343e-05,6.60090612751141e-08,0.000672948132584798,-0.0075992255740612,0.0017274195924428,0.00451963079095725,9.50065066347315e-06,4.45190897515295e-05,0.000108392855925262
"east_of_england","beta10",-1.89657016372595e-05,1.33332096673322e-05,1.36916663911966e-06,2.31442541856232e-06,2.66169176099061e-06,3.16652559899228e-06,-5.49810264721314e-06,3.00970388798953e-06,-4.15163794274218e-07,4.9554654563831e-07,-8.25670859965523e-07,4.94920987263937e-07,-2.98569076659552e-07,2.34749320999937e-06,8.58038049808368e-07,-1.56185692421629e-05,-1.45236519448359e-06,1.90008415335378e-06,-2.54124433418709e-06,-4.60586696943356e-08,1.54083569897235e-06,-1.19705814102657e-06,5.88250973640335e-07,2.03119918222896e-06,-4.43108731505575e-07,-2.87363272281095e-06,1.77442460737322e-06,1.49920152015471e-06,-6.50368972414207e-07,-1.06321490423938e-06,-2.55542240725079e-07,-2.62180366310955e-06,1.22925552250328e-06,-4.84986857078735e-06,-8.15633079520918e-07,6.04373743161124e-07,2.03723235648105e-07,4.15351205483165e-07,1.53941636890267e-06,-3.85368435277784e-06,-7.0737554594647e-06,-1.24792016867318e-05,-2.68635073585847e-05,1.98364688219657e-05,2.78357709987052e-05,-0.000103660572754993,1.56021862184688e-05,-9.31847649230306e-05,8.87591255407312e-06,3.48170397474198e-06,2.08651324082398e-06,-1.10112070767889e-05,-1.86110551446302e-05,-2.81825478925586e-05,-1.2318889895222e-05,-9.63261092221532e-06,9.00612398034381e-05,-1.41376171751327e-07,-1.79208525380063e-07,8.91451025943787e-09,9.16156559171018e-09,1.96121157217123e-08,-4.76366182206011e-08,-5.11562978631173e-08,8.61378614366032e-09,-4.22839523745267e-08,8.65646264729634e-08,-7.1436749971529e-05,0.000127693319626576,5.03085302018113e-06,-4.65877489717319e-05,2.89975792672923e-05,2.44912947213006e-05,2.60907207428243e-05,-1.22413438813549e-06,0.000111214891950613,3.4897082036468e-05,-6.71657107739456e-08,-0.000261871513371143,-0.00200747541838722,0.000825345881641929,0.000124090245087105,8.75338718921857e-07,-3.94009564353363e-06,3.62220659967016e-05
"east_of_england","beta11",4.58295888697456e-05,-0.000266945332939598,-1.8893000366655e-05,-4.74844290067652e-06,-1.88863801378345e-06,-5.49810264721314e-06,1.7152960744001e-05,-1.09604718812393e-05,1.86568795411771e-06,-6.7437673292191e-07,2.44492974405662e-08,-1.2536720013493e-06,1.0639916275444e-06,-5.27701081554599e-06,-4.78941070015686e-06,1.56474794036461e-05,1.49085584301028e-06,-3.15619054211552e-06,1.15808468275051e-06,1.31733736872556e-06,-2.27903989938687e-06,-9.45617803296025e-07,-1.8790549831744e-07,-9.71355188211988e-06,4.40228984539764e-06,2.46642371334266e-06,-4.83917898837496e-06,-4.30719141724459e-06,-8.77125342464217e-07,1.24353200748606e-06,-8.03466288481018e-07,5.40902545459491e-06,-2.23330227701224e-06,7.0096269906107e-06,3.38283874057319e-06,-3.46046366956798e-06,-2.37245712373409e-06,1.3319508553255e-06,-7.81041753525638e-06,1.00622448428592e-05,-1.91093972995133e-05,-6.18207127624868e-05,9.95644300571155e-05,9.67971716728083e-06,-2.20241151036031e-05,0.000176823140066543,-6.52539534931601e-05,0.000169835011854506,7.88203791064073e-06,-3.13741601376124e-05,1.71537508093895e-07,6.43096973815067e-05,8.9063647940531e-06,3.97690926654429e-05,3.59489054729803e-05,8.79348134014118e-06,-0.000263763592238185,3.88977769515002e-07,2.74703367822663e-07,-4.02301892286995e-07,-1.99742994076646e-07,-1.12515461724508e-06,5.82792331767037e-08,-1.65077420643363e-07,1.42862004565467e-07,3.0895522585218e-07,-3.59580886706411e-07,0.000302261870670657,-0.000168797104339411,-3.52410088219678e-05,0.000154825203763462,-0.000280270492967344,-1.20576981657247e-05,-6.20906869279394e-05,0.000172675177227745,-0.000208271356280243,-5.31970299599097e-05,5.00309058509186e-07,0.00205143609797085,0.0010047559548325,-0.00234298618921974,0.000623262107322874,7.0111136566797e-06,3.24635585368201e-05,-8.01091568458175e-05
"east_of_england","beta12",-2.72683718256907e-05,0.000198882874882814,2.17972689648626e-05,1.87782142412929e-06,1.71691150066875e-06,3.00970388798953e-06,-1.09604718812393e-05,8.18143294239748e-06,-2.07058520648723e-06,1.54398492770343e-06,-9.29018426749722e-07,8.82842421220505e-07,-8.6727631754039e-07,3.38324273770323e-06,3.48701561282443e-06,-8.65422354766938e-06,-9.80856951939515e-07,1.39649202869197e-06,-1.05660779478729e-06,-9.11223717159349e-07,6.2082754215787e-07,8.42061923624569e-07,-5.49650442892694e-07,6.76003156060973e-06,-4.78327818785377e-06,-7.79108939577216e-07,3.41405751842296e-06,1.97736583901072e-06,-6.40767546351945e-08,-7.36406876825492e-07,4.06190912011524e-07,-4.23403487658451e-06,1.07781585554231e-06,-4.59167041278812e-06,-2.48135865343073e-06,2.53694511591115e-06,1.25358969124339e-06,-4.34340033978509e-07,4.96290529511941e-06,-6.32243264257659e-06,2.00124135493772e-05,4.95738809967414e-05,-7.94534414145507e-05,-1.33075246303813e-05,1.78556138241407e-05,-0.000100103802887808,4.23452297721146e-05,-0.000109243972639262,-4.31948437098322e-06,2.53610028794542e-05,-5.20990006188372e-06,-4.67809774034177e-05,1.69695157425301e-05,-3.93203877831029e-05,-1.96463584293911e-05,-2.90922525272937e-06,0.000216522102377645,-2.8226482636161e-07,-2.46284605730225e-07,2.93421449226583e-07,1.35680687309985e-07,6.94509066126705e-07,-6.5888214718965e-08,1.00590356906648e-07,-1.11988451578036e-07,-2.36145953225114e-07,2.81938486308649e-07,-0.000216631161719613,0.000138381617428004,2.26475029698672e-05,-9.03978155641595e-05,0.000239592686963842,-1.92745298533938e-05,3.07639263951498e-05,-0.000143604723014034,0.000148316209458201,3.17230603666653e-05,-3.29311486825076e-07,-0.00107977274955724,0.000324323160396626,0.00163644402202672,-0.00017604611449685,-2.56956911118954e-06,-8.31139948582313e-06,5.36396241339099e-05
"east_of_england","beta13",2.97343451511412e-06,-5.98460988714344e-05,-7.69209898161949e-06,1.06155268843617e-06,-6.93683976259429e-07,-4.15163794274218e-07,1.86568795411771e-06,-2.07058520648723e-06,1.27831211721542e-06,-1.49058679285068e-06,9.53948640589693e-07,-2.48593488173212e-07,2.10334357443853e-07,-6.15347138131817e-07,-6.72959247561747e-07,-4.22160184800756e-07,8.20789954066222e-08,-5.5460704473554e-08,2.22891298709859e-07,2.64187202551066e-07,2.36326548395208e-07,-2.28226336247754e-07,7.65723129413276e-08,-7.5851447738138e-07,1.41403868025653e-06,-2.68720010423408e-07,-5.64054222986363e-07,7.46131225527358e-08,3.63955307988465e-07,-8.83638776386379e-08,1.56838533213885e-08,7.67614379985886e-07,1.34747381910345e-07,6.37291024297328e-07,4.31950786052478e-07,-3.89977287558359e-07,-1.76454262185658e-07,2.4258161826251e-07,-1.60310971301258e-06,1.57031907333909e-06,1.42312624425637e-06,-1.02171809064863e-05,1.8702223953974e-05,2.03523793837833e-05,4.06058954637724e-06,-6.62091698188307e-06,-4.97246209445777e-06,8.49943755820046e-06,-3.41104285135029e-07,-1.25154040839013e-05,5.3966529202447e-06,1.33129372700209e-05,-6.01539608404817e-06,2.35834750081743e-06,2.91294003327359e-07,-2.36826383242207e-06,-3.91016188695864e-05,4.39898159178436e-08,1.35325369858314e-07,-1.76077007674485e-08,-8.75282244833714e-09,-5.84666515758679e-08,2.03059385093788e-08,1.01753185175496e-08,6.09792302216904e-08,6.44626977991238e-08,-6.91905107892689e-08,4.92398146580891e-05,-2.9823995026454e-05,-2.03915632294244e-05,6.49048235685757e-06,-9.5476975917992e-05,1.85081045668558e-05,4.85156027955368e-06,4.92160369355408e-05,-3.05262032719328e-05,4.22790100576947e-06,6.31670617808568e-08,0.00044464159010788,-0.000510158833507741,-0.000269193121358411,-0.000220469729199851,4.43417929875326e-06,-4.06398095937472e-06,-1.03334588861287e-05
"east_of_england","beta14",6.74817697140031e-07,-1.67968041270517e-05,6.95551556471039e-06,-2.54040056140317e-06,2.11692102236183e-06,4.9554654563831e-07,-6.7437673292191e-07,1.54398492770343e-06,-1.49058679285068e-06,3.26416547288268e-06,-2.12553759324284e-06,5.49874708473157e-07,3.78800454342262e-07,1.2676769940625e-06,2.13628978311285e-07,-2.36760579363025e-06,-8.72716793669109e-07,8.29164878189125e-07,-3.43702624545093e-06,1.21919722574351e-06,2.19768060793279e-07,-1.10843149286166e-06,2.71192053677917e-07,-5.87552898284861e-07,-9.86734906306599e-07,-8.58768490721923e-07,2.01187111195829e-07,-5.68485584687458e-07,-1.21452942403419e-06,-7.29154232852352e-07,-5.28399288030294e-07,-4.50396996378356e-07,-8.2588660060004e-07,-1.40056744358465e-06,2.20880761794109e-07,-9.32184263598212e-07,3.02940754517681e-07,5.59586180839786e-07,-3.34213079178735e-07,-3.16543750096051e-07,-1.42440070338904e-05,-2.88649490609721e-05,-1.90925371320681e-05,-3.82436725231892e-05,-9.25150395501881e-06,1.31270216761697e-05,1.82355460006623e-06,-4.26990917038986e-05,1.24312185357096e-05,2.60462155517426e-05,-5.62115223120115e-06,-9.18991393675993e-06,-6.42199931595637e-06,2.73320964371536e-06,-6.71504038368896e-07,2.69199966787318e-06,3.68397113311302e-05,-9.03563726601827e-09,-2.42963165613458e-07,-1.41075394572302e-07,-4.40149059445079e-08,-3.36656486905796e-07,-1.69657721683826e-08,-8.56553788712688e-08,-2.41021392880265e-08,-1.56643299048319e-08,8.40887964851266e-08,-2.02463470684658e-06,9.62803107611336e-05,3.50969946441848e-05,-8.41757217794079e-06,5.58927672244354e-05,3.17417341931399e-06,-1.5423503619625e-05,-2.47347463206609e-05,4.51494878810037e-05,4.80276642330249e-06,6.43668746930793e-08,-0.00117238401063768,-0.000493190725432204,0.000270278277258399,0.000681552031555149,-2.27326581168148e-05,3.37761154584315e-05,2.15301770086033e-05
"east_of_england","beta15",-7.24722417182007e-07,7.83192157187039e-05,1.08512796743772e-06,-2.92916836837943e-07,-5.61388156706024e-06,-8.25670859965523e-07,2.44492974405662e-08,-9.29018426749722e-07,9.53948640589693e-07,-2.12553759324284e-06,4.31369162552132e-06,-1.00161679471109e-07,5.33781073638204e-07,-1.45104578772676e-06,1.90155222449496e-06,1.93135300945312e-05,1.52534387775419e-06,1.94007981129149e-06,2.0009492322769e-06,2.49824666409204e-06,-7.38142294493135e-07,3.65542546310562e-06,7.55095290315076e-07,1.57621652108359e-06,2.60084730667845e-06,2.80733638227673e-06,-4.32159984505714e-07,2.35618058275663e-06,3.87727336168808e-06,3.16362487065486e-06,1.9456819826249e-06,4.70503832410422e-06,-8.96775453525256e-07,9.83684823152634e-06,1.0003428297122e-07,4.13266770432977e-07,1.4979536499325e-06,-2.54660389260065e-06,2.60204364019089e-06,-2.11563405555139e-07,-1.78467879408777e-05,7.69683574303296e-05,1.25590790026825e-05,-3.1770201214943e-05,-4.58140569523588e-05,7.64071434772319e-05,-1.05774284288897e-05,8.62206906777711e-05,-2.79034726117984e-05,1.26542272817181e-05,-8.07466346081878e-07,-2.61772001795938e-05,-3.91360217916101e-05,4.42081172497098e-05,-1.28503387164536e-05,1.56630729576799e-05,-9.24421786682461e-05,2.62667062104373e-07,2.91480282095354e-07,1.88323877441204e-07,1.05173035959376e-07,9.71984862126895e-07,1.07479174425657e-07,2.91849424479396e-07,-3.8314419920526e-08,-8.05860418561739e-08,-6.22373777214506e-08,-7.60974146344213e-05,-0.000151190106978034,2.67463712868226e-05,4.30120489641757e-06,9.16163444311418e-05,2.64651160402728e-06,-1.44856447355625e-05,-0.000112300981306871,-8.44780671927669e-05,-3.98144563605173e-05,-2.2445970424724e-07,-0.00165151529995527,0.0025852982017855,-0.000699736243352262,-0.00123008892133684,-2.08703174457795e-05,-4.38526411337838e-05,-5.10894630458329e-05
"east_of_england","beta16",-4.72855757220446e-06,-8.55546367590053e-06,2.55188862299677e-06,3.72212393956491e-07,8.71502865177085e-07,4.94920987263937e-07,-1.2536720013493e-06,8.82842421220505e-07,-2.48593488173212e-07,5.49874708473157e-07,-1.00161679471109e-07,4.93351073063361e-07,1.85726096137925e-07,1.01965662850021e-06,4.845107701007e-07,-3.78222826989377e-06,-4.41567217649361e-07,1.67040022580649e-06,-1.87341692371217e-06,1.61162042553942e-06,5.99289682498097e-07,-4.93112783378772e-08,7.1925837568365e-07,4.98138531299332e-07,7.7330913674441e-07,-8.28657969685802e-07,6.09022399869898e-07,1.04617048639718e-06,3.83382265306807e-07,6.41804202039181e-08,-2.36337449275987e-08,8.10882263261376e-07,-4.55377702831627e-07,1.05798948204367e-06,-1.47834000480036e-07,-2.37946956246054e-07,4.52646842429068e-07,6.44286522776077e-08,8.82214721727351e-08,-5.58563031707196e-07,-1.06839406064828e-05,-4.48135003717268e-06,-7.37660319295661e-06,-7.78565737665494e-06,-1.31430298777462e-05,-2.91439713233325e-06,5.65350360619367e-06,-2.80716981313178e-05,5.25627982719435e-06,1.01092122189973e-05,-1.61382729298181e-08,-5.71947855834225e-06,-1.21194705612687e-05,-1.41309886695435e-06,-7.99370529021004e-06,1.24146554302403e-06,7.12584775204206e-06,4.33419828458115e-08,-6.83126386575412e-08,-2.29087988430899e-08,-1.89980851971905e-09,3.36427117515711e-08,1.40511409650531e-08,1.55966553125745e-08,7.87632771500612e-09,-1.95890805599436e-08,7.95623466382905e-08,-1.39399324464065e-05,7.50079989774837e-05,1.09148547274527e-05,-4.35240888330732e-07,-1.68431133897714e-05,3.0195317926393e-05,-5.27594663880076e-06,-1.15522400453552e-05,1.63692702934917e-05,9.97671283504071e-06,-4.45184928714428e-08,-0.00099409360350533,-0.000785736920084685,0.000178716691141423,0.000182708780347176,-1.58056624928511e-05,-2.54464753481037e-06,1.04728320542593e-05
"east_of_england","beta17",2.23522295614809e-06,-4.28263027839729e-05,-1.7492063587547e-06,-9.63960320541103e-07,4.73705039047299e-09,-2.98569076659552e-07,1.0639916275444e-06,-8.6727631754039e-07,2.10334357443853e-07,3.78800454342262e-07,5.33781073638204e-07,1.85726096137925e-07,6.91886167812973e-07,-4.63553924432859e-09,7.10290904711096e-08,2.38396197381915e-06,-1.9359052608893e-07,1.34877584797424e-06,-1.9965269117949e-06,2.11660072919337e-06,2.26211449890745e-07,-1.56058575504247e-08,7.33363555116701e-07,-1.0131724579629e-06,1.71155305218461e-06,-4.44092509989006e-07,-3.79876114468896e-07,5.17462116594963e-07,6.2754274820746e-07,1.82002657700447e-07,1.6709499952427e-07,1.97586950383395e-06,-9.6327395986699e-07,2.53333944677825e-06,5.4225034297598e-07,-9.81939624501515e-07,7.42519749218519e-07,-3.83870532768134e-07,-6.94124825950068e-07,1.13137217691018e-06,-1.95714932822149e-05,-6.91050677550803e-06,9.01237840090536e-06,-2.70018518531566e-05,-2.65561021568955e-05,3.83109067066379e-05,-1.73060138194643e-06,-1.12677801941708e-06,1.59274191771002e-06,1.5105029695289e-05,1.44947068661551e-06,-3.85807905855254e-06,-2.66504421267532e-05,2.21077004438562e-05,-4.94179386878062e-06,5.43336572926043e-06,-4.84927912444053e-05,1.42065028943302e-07,1.45155242806178e-08,-7.77842112319458e-08,-2.02699136991017e-08,-7.50192048259525e-09,4.85126124724658e-08,2.93790440493054e-08,2.6172938236399e-08,1.66563585591343e-08,2.74055560724865e-09,3.52081560215023e-05,7.3344854917895e-06,2.43183963251582e-05,2.03673644357284e-06,-3.49503159354259e-05,3.54375418757831e-05,-1.23436185601935e-05,-4.63852867293691e-06,-3.11745246727287e-05,-5.39131281768959e-06,2.36491789833305e-08,-0.00116951473556293,-0.000215158270742118,-0.000209901991933495,0.000184718359495606,-2.03203625176241e-05,7.77777055920982e-06,-5.80283924018587e-06
"east_of_england","beta18",-1.78065386108328e-05,-2.62219883903081e-05,7.02715502006867e-07,2.23317022396722e-06,4.40277086949999e-06,2.34749320999937e-06,-5.27701081554599e-06,3.38324273770323e-06,-6.15347138131817e-07,1.2676769940625e-06,-1.45104578772676e-06,1.01965662850021e-06,-4.63553924432859e-09,3.72095995621343e-06,5.21237489861371e-07,-2.05048593951962e-05,-1.89906050021468e-06,2.94389148597535e-06,-4.71115229011644e-06,1.62397738762017e-06,2.30740865154938e-06,-1.95016554447787e-06,1.27414088135428e-06,1.68720900901103e-06,2.73734039088832e-07,-4.09085463454403e-06,2.16407139110083e-06,1.96580656195046e-06,-7.17863193448749e-07,-2.17515624643381e-06,-6.39290481621384e-07,-1.90949930552605e-06,3.3498002288328e-07,-5.11426713306537e-06,-8.23839004529732e-07,-2.86592942770863e-07,1.09911387839879e-06,5.23267088474865e-07,3.25664338215718e-07,-2.35988743490168e-06,-8.57033459882632e-06,-4.00383905777605e-05,-2.55510394744691e-05,2.15515813305404e-06,6.28507063052193e-06,-9.95870902034323e-05,3.74239852457011e-05,-0.000133388014218719,1.78626252153775e-05,2.11315668759747e-05,5.07370689298798e-06,-6.6586676049866e-06,-2.34154055933316e-05,-1.87867019852385e-05,-2.01801007667474e-05,-7.98098251381952e-06,7.8048233868412e-05,-9.51546470833195e-08,-2.87978062724458e-07,-8.77892008592093e-08,-1.55912856247237e-08,-1.92534667673576e-07,-2.78597562364842e-08,-7.77468448617762e-08,1.45262108657434e-08,-3.77069471198843e-08,2.08222420359174e-07,-4.39725480776593e-06,0.000203603219794875,1.10409707900498e-05,-4.91399267609692e-05,-6.20852618914498e-05,7.92487072665829e-05,2.08246087174198e-05,1.69857166827332e-05,9.62604403729612e-05,4.99892565721949e-05,-1.18176872910554e-07,-0.00138521963289433,-0.00352748093516091,0.00111833861032744,0.000688202502928736,-1.92447679062731e-05,6.27144853935871e-06,6.1592758113491e-05
"east_of_england","beta19",-1.32021050293582e-05,0.000141803561649397,1.79392006203566e-05,-2.82314986210892e-07,-2.11271878584965e-06,8.58038049808368e-07,-4.78941070015686e-06,3.48701561282443e-06,-6.72959247561747e-07,2.13628978311285e-07,1.90155222449496e-06,4.845107701007e-07,7.10290904711096e-08,5.21237489861371e-07,3.66319990129994e-06,9.12391860778093e-06,-2.37518322897971e-08,2.47678269777051e-06,-7.1360230252289e-07,2.2427861007596e-06,-8.27270891635382e-07,3.06159950542861e-06,-8.88860289638359e-08,4.45715088337552e-06,-1.18453140503509e-06,1.61997871761006e-06,1.4859730088801e-06,2.29938946713144e-06,2.39959322361315e-06,2.03374301717682e-06,1.39285829012123e-06,1.55477617475538e-06,-9.01828960367309e-07,5.80497742322917e-06,-1.08392896728807e-06,1.31383948334281e-06,1.7218587669924e-06,-1.56924372063004e-06,3.47303346750127e-06,-2.91922056930629e-06,1.20654046565221e-06,8.70383711739556e-05,-4.09348897702893e-05,-3.77698666747838e-05,-2.23465316065666e-05,2.07643815629805e-05,8.12693359974035e-06,-4.67272185865179e-07,-2.01374182188398e-05,2.71871803391081e-05,-5.41605342682624e-06,-4.57016411114006e-05,-1.5678568649693e-05,1.19849705369126e-06,-1.75506388650567e-05,1.41588394810563e-05,7.0724235059081e-05,8.04952770128474e-08,5.63086845126331e-08,2.63172914865204e-07,1.2905963982312e-07,9.9893447208912e-07,2.67332723714072e-08,2.53721279726292e-07,-7.66821035069515e-08,-1.88237686845399e-07,1.25712729878413e-07,-0.000158585940891747,1.29695309829625e-05,3.60536156165797e-05,-3.53961583220864e-05,0.000203415674528547,-9.18340155144035e-06,-6.98299844231983e-06,-0.00017829957110303,1.76484160181259e-05,-1.17471977618523e-05,-2.81534342470122e-07,-0.0016843488359652,0.00245129756506064,0.000336559549286567,-0.000591979223065194,-1.85106707585725e-05,-2.14266141748968e-05,-1.25883619200087e-05
"east_of_england","beta2",0.000100834712071412,0.000890994627886393,3.58121231127094e-05,-3.20646501352983e-05,-5.603053953016e-05,-1.56185692421629e-05,1.56474794036461e-05,-8.65422354766938e-06,-4.22160184800756e-07,-2.36760579363025e-06,1.93135300945312e-05,-3.78222826989377e-06,2.38396197381915e-06,-2.05048593951962e-05,9.12391860778093e-06,0.000261310590260445,2.03080651154068e-05,-1.32519425269819e-05,3.88460757436411e-05,-3.54347362261746e-06,-1.40243443759869e-05,2.72270085600053e-05,-5.27813195380356e-06,6.54396409984227e-06,-3.81627326093588e-06,4.21520704239501e-05,-1.47141453149724e-05,-2.5375401323008e-06,1.91966622255196e-05,2.38579958800189e-05,1.30493359764867e-05,2.51143467753359e-05,-6.40429157943413e-06,6.18330420136741e-05,4.04835623053141e-06,2.78315880943315e-06,3.31789920980015e-06,-1.53158939747349e-05,1.92199288882577e-05,5.52390272175682e-06,2.06946517604459e-05,0.000449508940381434,-5.4849991529661e-05,-0.000452915219600421,-0.000304356882102557,0.000988565444695836,-0.000245706775572121,0.000998644823517193,-0.000202687179543767,6.7877958377603e-05,-9.83753790219113e-05,-0.000174447353012137,-5.99114205498817e-05,0.000402146557013764,6.12892793604278e-05,0.000129329194802598,-0.000473166319198064,9.66438719143032e-07,1.89127200925452e-06,1.42619412383871e-06,7.85857281759784e-07,5.047520898184e-06,5.36619004997778e-07,1.41497891397397e-06,-8.00782961993363e-07,-5.78438479078949e-07,-8.3446776397969e-07,-0.000626516481974911,-0.00133751119569939,0.000151777382202144,9.12927502973316e-05,0.00160057376322879,-0.000691530742723741,-0.000120664428850748,-0.000995329714574148,-0.000610351555977019,-0.000476872072760645,-3.29793036671079e-07,-0.00650720556072749,0.0333195183391487,-0.00712467007577161,-0.00968636353356752,-9.07844038436752e-05,-0.000145876032001491,-0.000450604351255267
"east_of_england","beta20",1.23946528381489e-05,9.64076787200651e-05,9.80817036564246e-07,-2.20640678229137e-06,-4.53554836996621e-06,-1.45236519448359e-06,1.49085584301028e-06,-9.80856951939515e-07,8.20789954066222e-08,-8.72716793669109e-07,1.52534387775419e-06,-4.41567217649361e-07,-1.9359052608893e-07,-1.89906050021468e-06,-2.37518322897971e-08,2.03080651154068e-05,2.8511515906011e-06,-2.3299035131599e-06,6.26532310163717e-06,-1.89549425676406e-06,-8.23383009909491e-07,2.72521378395972e-06,-4.48255866223287e-07,9.73673481744039e-07,-1.96733569473757e-07,4.60707656932268e-06,-1.36546623427706e-06,3.94718680506162e-08,1.85248142100985e-06,2.47122569688582e-06,1.35050227900244e-06,1.38179872670384e-06,9.10845522987409e-07,3.47285034669144e-06,1.60424452306889e-07,7.40002751484461e-07,-5.75933650886013e-07,-1.13186623384937e-06,2.22826000163469e-06,5.2861649386785e-08,1.14033429462092e-05,2.93800362553095e-05,-2.50361862503155e-06,-1.24848505288995e-05,-1.89011084496818e-05,7.40618878877843e-05,-2.52098594754275e-05,0.000102402016001282,-1.4139753126983e-05,-1.28250720865854e-05,-1.09580027853145e-05,-2.86978103103495e-06,-2.27825789966798e-07,2.13684642300138e-05,1.29628086658753e-05,4.69375435239493e-06,-4.35103624800607e-05,1.67851680698976e-08,1.89529753097091e-07,1.63610135201088e-07,7.63974433792652e-08,3.32702771004733e-07,4.86644595846467e-08,7.00398245164838e-08,-4.16452367697608e-08,-1.61028501920792e-08,-1.14613432672235e-07,-5.99027124408008e-05,-0.000110825197544639,-1.52590395077381e-05,4.06689758330862e-05,0.000102380030638869,-8.3844908145742e-05,1.40391495180202e-05,-4.1825083147277e-05,-4.96396246756103e-05,-4.04954653740605e-05,3.91223411031731e-09,5.47615643486714e-05,0.00241394656390124,-0.000750785876260426,-0.00082734120954579,2.37618220941595e-06,-3.57729705723876e-05,-4.23461977620801e-05
"east_of_england","beta21",-2.1251569311378e-05,-6.89178581486482e-05,4.62073081313869e-06,2.07513588608358e-06,2.65157256675782e-06,1.90008415335378e-06,-3.15619054211552e-06,1.39649202869197e-06,-5.5460704473554e-08,8.29164878189125e-07,1.94007981129149e-06,1.67040022580649e-06,1.34877584797424e-06,2.94389148597535e-06,2.47678269777051e-06,-1.32519425269819e-05,-2.3299035131599e-06,9.30404567137392e-06,-9.6162621470126e-06,9.37360560318858e-06,1.84054087682966e-06,7.4753591331657e-07,3.88856142364783e-06,3.33767565125906e-07,6.49116332886767e-06,-4.15291238251374e-06,2.23248654732205e-06,5.38004670502325e-06,3.16385346374483e-06,1.35558449772431e-06,5.1355797358855e-07,6.47342146203696e-06,-3.10177901724835e-06,9.86490707330355e-06,-4.75856984892092e-08,-1.59425481572759e-06,3.19573929401323e-06,-1.49995348385946e-06,6.32183237089951e-07,-1.62340286966606e-06,-7.35856891727515e-05,2.76164421819703e-05,1.32278439789336e-05,-4.49072676108502e-05,-7.3698562672493e-05,1.87691182465951e-05,2.60760866335813e-05,-7.22513767884761e-05,3.69379397028044e-06,5.72178549977639e-05,9.44481469809274e-06,-3.12722737569929e-05,-8.57521873116365e-05,2.69971155952999e-05,-4.45758064403257e-05,1.61309341838182e-05,-8.3131752771858e-05,4.57565648126914e-07,-1.26944491781021e-07,-1.44925208935552e-07,-2.90957785895439e-08,5.33965761944537e-07,1.10537034857232e-07,2.03997613201898e-07,3.81174363941315e-08,-8.12162241026963e-08,2.29869724628247e-07,-1.49498924738656e-05,0.000153708259959243,8.41836408958975e-05,-4.61803559964072e-06,-0.000105586798823876,0.0001820711292242,-4.66814368157285e-05,-8.09745016991256e-05,-1.36475604539805e-05,1.69012254433282e-05,-3.07993334391915e-07,-0.00445000430752218,-0.00257321244480263,0.000227135766795076,0.00063795020556561,-6.88679185219334e-05,-2.39681615902554e-05,1.22173217999011e-05
"east_of_england","beta22",2.4778129986179e-05,0.000311106740068959,-3.69475498661692e-06,-2.30378442823436e-06,-9.30068258729633e-06,-2.54124433418709e-06,1.15808468275051e-06,-1.05660779478729e-06,2.22891298709859e-07,-3.43702624545093e-06,2.0009492322769e-06,-1.87341692371217e-06,-1.9965269117949e-06,-4.71115229011644e-06,-7.1360230252289e-07,3.88460757436411e-05,6.26532310163717e-06,-9.6162621470126e-06,2.03086452042765e-05,-1.15103194635141e-05,-2.16681697894379e-06,5.1759311107354e-06,-3.24946927577424e-06,3.40438585431508e-06,-4.27412637931852e-06,1.03424062762702e-05,-2.7235248244836e-06,-2.30216010688003e-06,2.38299426130742e-06,3.52243185616919e-06,2.385627836846e-06,-2.1441124552692e-06,4.24259811631484e-06,-4.41804514360525e-07,-6.5955308857413e-07,3.7037610689109e-06,-2.43272075453507e-06,-2.16374434200753e-06,6.44822663417163e-06,-2.12253276206222e-06,9.29071944962509e-05,6.72820062502117e-05,-2.03688231711471e-05,9.48488854904847e-06,7.9497745185897e-06,6.36070723043424e-05,-3.46685079370488e-05,0.000219715761526073,-4.02370698203887e-05,-6.34154753420714e-05,-2.08953635904277e-05,8.64447414254617e-06,6.19187092372778e-05,1.90087952795218e-05,4.00770619883695e-05,-2.2919633830906e-06,-1.54854331976349e-05,-3.42370654364638e-07,4.632045195062e-07,5.17349052783909e-07,1.9663040367258e-07,7.18456335752604e-07,-7.09137598442932e-09,9.34567604217348e-08,-1.64058105568016e-07,-3.56624780957489e-08,-3.19982865703819e-07,-0.000149094983505744,-0.0003093543281426,-7.64912673931604e-05,4.5582169498164e-05,0.000260567420958382,-0.00023791496691352,6.23109562856691e-05,-6.42542586166672e-05,-8.1986990910159e-05,-7.61187327478492e-05,8.69607598612498e-09,0.00347490881720528,0.00550432360789644,-0.00111706078103658,-0.0020537247301525,6.68240000437807e-05,-8.54974532372922e-05,-7.76706326881743e-05
"east_of_england","beta23",-8.7410987867155e-06,-0.000143675573337899,8.37069069151721e-06,-1.02510304058243e-06,1.78765362696094e-06,-4.60586696943356e-08,1.31733736872556e-06,-9.11223717159349e-07,2.64187202551066e-07,1.21919722574351e-06,2.49824666409204e-06,1.61162042553942e-06,2.11660072919337e-06,1.62397738762017e-06,2.2427861007596e-06,-3.54347362261746e-06,-1.89549425676406e-06,9.37360560318858e-06,-1.15103194635141e-05,1.25522834194797e-05,5.22574933963826e-07,1.45514636946611e-06,3.77393759477865e-06,-1.28249295476728e-06,7.21294935424334e-06,-2.83611070814445e-06,1.17855879655853e-06,4.85328267201463e-06,3.50738970978703e-06,2.3553997749491e-06,7.40475192040328e-07,8.98990535603175e-06,-4.72430991101211e-06,1.44753599710583e-05,8.43498123371292e-07,-2.82896760983488e-06,3.22280222949932e-06,-1.37537314315616e-06,-1.77433484883518e-06,2.10236070194877e-06,-8.92671573216014e-05,3.00609186061003e-05,2.60123541039036e-05,-6.13605123030455e-05,-9.13072045407109e-05,0.000101772495170015,1.67727602444236e-06,-3.20606213416631e-05,5.05610181805685e-06,6.45870408879285e-05,5.02054846702794e-06,-2.91848775744932e-05,-0.000106647030784653,3.73249201509289e-05,-3.78293917454265e-05,2.61499166232538e-05,-0.000127922150747062,6.74541347458169e-07,-7.05167072429461e-08,-2.22654073335457e-07,-5.00488271373423e-08,3.91472709774599e-07,1.44978473921446e-07,2.26433624928645e-07,9.9111263919194e-08,-4.71848015722738e-08,1.90541303221606e-07,6.2184916076647e-05,0.000149350177538444,8.49567657427117e-05,4.76476417332429e-05,-0.000129202421114228,0.000176526294152174,-6.2743058453399e-05,-9.02453342546904e-05,-6.82407937575162e-05,-3.06227989217578e-06,-2.07637723764025e-07,-0.00496101602380999,-0.00138270195248978,-0.000366752617876183,0.000926432705036444,-8.54405315073358e-05,-5.56493275438855e-06,-1.4198860229713e-05
"east_of_england","beta24",-7.79584781517593e-06,-7.00704814426248e-05,-1.06520226311774e-05,1.90729075687121e-06,2.63344579888807e-06,1.54083569897235e-06,-2.27903989938687e-06,6.2082754215787e-07,2.36326548395208e-07,2.19768060793279e-07,-7.38142294493135e-07,5.99289682498097e-07,2.26211449890745e-07,2.30740865154938e-06,-8.27270891635382e-07,-1.40243443759869e-05,-8.23383009909491e-07,1.84054087682966e-06,-2.16681697894379e-06,5.22574933963826e-07,2.80442545497775e-06,-2.0628920430833e-06,1.76289773844963e-06,-3.59816597594365e-07,2.37695488391189e-06,-3.08660463875394e-06,6.09595567007394e-07,1.61970038997927e-06,-2.09663776862261e-07,-1.60567025019908e-06,-4.86910391197438e-07,-6.02483268279555e-07,9.31267480048332e-07,-4.32333334591144e-06,2.9355380431105e-08,-8.24041362324627e-07,3.79366873594569e-07,3.92428403297201e-07,-2.66891192962317e-07,-1.02365755829992e-06,-1.44763171355189e-05,-6.41304058668968e-05,-1.73911359278426e-06,5.80753228076803e-06,-5.71450450336004e-06,-6.10889179823307e-05,1.98170193830968e-05,-8.53985857989084e-05,1.85097456522423e-05,4.2197647063659e-06,5.6471884167208e-06,1.15911243707213e-05,-2.77168663665557e-05,5.02822212720551e-06,-1.07195908438135e-05,-1.0961040106564e-05,-1.03365404167063e-05,-5.55973649495057e-08,-1.35928322118676e-07,-1.42237121035784e-07,-4.06390525653994e-08,-3.55667615567839e-07,1.62236855864217e-08,-1.31273660867061e-07,4.58669642661881e-08,5.3520173094727e-08,9.6949499533753e-08,3.35838869476486e-05,0.000140538938265066,-1.82387295709894e-06,-2.61782781009966e-05,-0.000139931475600759,6.80164735453747e-05,2.42976027179918e-05,8.41702942659e-05,4.60389297527161e-05,3.58257723415088e-05,2.15394518526676e-08,-0.00106742070358262,-0.00375547049338472,0.000456331968270773,0.0004107240757611,-1.65712347821955e-05,-6.6340394384358e-06,3.97063935312844e-05
