"region","name","alpha_admission","alpha_D","alpha_death_hosp","alpha_H","beta1","beta10","beta11","beta12","beta13","beta14","beta15","beta16","beta17","beta18","beta19","beta2","beta20","beta21","beta22","beta23","beta24","beta25","beta26","beta27","beta28","beta29","beta3","beta30","beta31","beta32","beta33","beta34","beta35","beta36","beta4","beta5","beta6","beta7","beta8","beta9","mu_D","mu_D_2","mu_D_3","mu_D_4","mu_D_5","mu_gamma_H","mu_gamma_H_2","mu_gamma_H_3","mu_gamma_H_4","p_G_D","p_G_D_2","p_H","p_H_2","p_H_D","p_ICU","p_ICU_2","p_ICU_D","p_NC_15_24","p_NC_25_49","p_NC_50_64","p_NC_65_79","p_NC_80_plus","p_NC_weekend_15_24","p_NC_weekend_25_49","p_NC_weekend_50_64","p_NC_weekend_65_79","p_NC_weekend_80_plus","p_W_D","rel_p_D_alpha","rel_p_D_delta","rel_p_D_omicron","rel_p_H_alpha","rel_p_H_delta","rel_p_H_omicron","rel_p_ICU_alpha","rel_p_ICU_delta","rel_p_ICU_omicron","rho_pillar2_tests","seed_date_alpha","seed_date_delta","seed_date_omicron","start_date","ta_alpha","ta_delta","ta_omicron"
"east_of_england","alpha_admission",0.000282669493359208,-0.000277792337926124,0.000153583724794514,2.94426594056424e-05,-2.70435603088108e-05,9.13099111446574e-06,4.27729382437094e-06,-6.68349441701208e-06,-1.46160928503072e-06,1.82664911596243e-06,-1.07677611895524e-06,-5.12536035209902e-06,-2.73558187129339e-06,-5.19225044355747e-06,-1.79930324486248e-06,-2.43281054995781e-05,-1.2980191597447e-05,-1.15021152133021e-06,-3.53683048499877e-06,-5.21999482715035e-05,7.87585985963852e-06,-2.2934620882511e-05,5.58040222738094e-06,-1.64585755767618e-05,-3.03918582179509e-05,-9.32644059962199e-06,7.45113213912661e-06,6.68258930188674e-06,-4.23127867547044e-05,1.13604874163465e-05,-3.05303864405061e-05,8.28428380845097e-06,-3.18780411252448e-05,5.93465904819858e-06,-3.37617045208832e-07,-1.40893048147629e-05,3.79460691874161e-05,-4.77256937575807e-05,5.74315837780545e-05,-2.20870643700045e-05,0.00118166851461906,-0.000641264132957151,0.000154670868237413,-0.000292780421775776,-0.000395240501728316,-4.64055513640027e-05,0.000320713207964857,-7.59455609043777e-06,0.00016235675254698,-0.000147657554421623,7.04590656488848e-06,-0.000251972059182829,0.000263583797065864,-9.38650035827353e-05,-5.12171608073483e-05,8.34234914890356e-05,0.0007648522743411,-6.57826725740145e-07,2.76874072955685e-07,-2.62505389116493e-06,1.06554181136243e-07,1.46162842855561e-06,4.09888634433961e-07,-1.39910933354155e-06,-1.8227470317365e-06,-6.84909317684357e-07,-4.04567593971329e-07,0.00148125966689307,0.000865696196549786,0.000677594262158543,0.00018953264896979,2.02582980971677e-05,0.000361494313645277,-0.000439269980101818,-2.80281731310402e-06,-0.000513436893522035,-0.000267010029914666,5.81351613553382e-06,0.0121400367966997,0.00641941041393313,-0.00161605412907998,-0.0102859478174048,0.000215508785501078,0.000237775913056663,0.000171382405664162
"east_of_england","alpha_D",-0.000277792337926124,0.0119077056466233,-0.00234162659956703,-0.000146416793560663,1.85680233412999e-05,1.38888229804397e-05,-6.74648865516526e-05,-2.51284618253717e-05,1.97874472804687e-05,6.74844347649586e-05,2.75563783784811e-05,1.04834858226317e-05,3.47276218001996e-05,0.000115175602012149,-5.60931257165455e-05,-0.000401186800368063,6.65702138988867e-05,-0.000102037822695996,0.000384708780608064,-0.000141546562336214,-1.50370616961158e-05,4.60986229666836e-05,-6.19641824758699e-06,-8.62427229730367e-05,0.000100365130038254,1.87361502028541e-05,-6.67914953920114e-05,-0.000106681248971367,3.80104195449543e-05,-1.20051693848058e-05,9.59712206161812e-05,-0.000158298991184857,0.000120829652224918,-5.82896353306949e-05,2.93722062340502e-05,1.27685127923974e-05,-4.10585951113767e-05,-3.5941602772763e-05,5.13983609246145e-05,-7.35131919162453e-05,-0.00512788566277813,0.00215970230232486,-0.000442518973735769,0.000555117205431307,0.000162888050615192,-0.00137769231849576,-0.000777324430528746,0.00048306229057797,-0.000325497879012701,-0.00196566697112228,0.000478107890181928,0.00153299646583717,0.00102936245169588,0.00367409466400523,0.00109084443864895,5.0757212509686e-05,-0.0072143491054152,-3.41042971732701e-06,-1.1759099195764e-05,6.12973579196181e-06,-1.11977360668682e-05,-1.75903367425267e-05,-8.36105509801157e-06,-8.05591526413411e-06,-1.85367492481795e-06,-3.48315636770678e-06,-2.80263283950151e-05,0.00171744046831345,-0.00892720549268149,8.511089910958e-05,-0.00330069498625069,-0.00296482115688233,0.00218995330577095,-0.00200081439876909,-0.000546890924888485,-0.0040371444742632,0.0032105481934484,-5.23292680438832e-06,-0.105377138958331,-0.0321474734144487,-0.0034723736547474,-0.00937462590512967,-0.00227284768924752,0.00076495464275836,0.000499510128880361
"east_of_england","alpha_death_hosp",0.000153583724794514,-0.00234162659956703,0.00095040620257333,5.32194513095235e-05,2.45815287162296e-05,-2.99410929301914e-06,5.34443825200006e-05,-6.87513481009877e-06,-1.12898323882556e-05,-9.03003552297996e-06,-3.1429454169432e-05,-4.22140137298636e-06,-1.24261627299528e-05,-2.22876450810419e-05,-1.32205233076864e-05,0.000155922393891906,-9.49556787748505e-06,5.27029200094873e-06,-5.75081676645222e-05,6.96208193477934e-06,1.99629292950592e-06,-1.78644074215607e-05,6.85882753547053e-06,5.26848168376417e-06,-1.78363916037475e-05,-1.86657223460495e-05,4.85625821168642e-06,1.94798036057036e-05,-1.47321120754752e-05,2.82824387954561e-06,-2.70635944962133e-05,5.62916495953657e-05,-7.2032083384251e-05,9.29425594057504e-05,4.66686825704192e-07,-1.68852071583937e-05,2.58286241841599e-05,-1.69613098396506e-05,3.39947954662906e-05,-1.35805839195779e-05,0.00110120689987741,-0.000862991882570729,8.99974252504389e-06,0.000106221704317267,-0.00156642296384035,0.00128237556926284,0.000567555896074137,-0.000301636685341463,0.000167306944838148,0.00047241334200948,-3.42071488366047e-05,-0.000269859942933974,-0.000191905102439472,-0.000833817360381989,-0.000278444858347822,-8.35778111175039e-05,0.00147987681915769,3.97073715051125e-08,3.87666772558867e-07,-4.63886142689163e-06,3.05830758945466e-06,7.80248719548789e-06,6.24961966866425e-07,4.59468413401437e-06,-3.01583505826382e-07,7.25462506733611e-07,1.25518549531121e-05,0.000440626703265289,0.00347310141435119,0.000472415399865149,0.00204752299422827,-0.00131780683020656,0.000105911001436193,0.000209241901824775,0.00191546535373755,0.000406254715011754,-0.00106731664408064,1.23902118021723e-06,0.0418742374420203,-0.0241211605152941,0.00158181536623986,0.016493936477015,0.000770383403884706,-0.000378553708236321,1.21468114569662e-05
"east_of_england","alpha_H",2.94426594056424e-05,-0.000146416793560663,5.32194513095235e-05,1.9240915541932e-05,-8.82053487856354e-06,1.52633241592878e-06,-4.34134970240316e-06,1.39017113686417e-06,-5.26051205273148e-07,1.47239631012537e-06,-3.29971905283319e-07,-5.67015631363385e-07,-4.07157558705082e-07,-2.09237564996879e-06,8.34879741047217e-07,1.81862730843339e-06,-1.07262292445811e-06,-9.5961921974771e-07,2.08900543780776e-06,-1.18850223473589e-05,2.13644856509306e-06,-3.26850201676038e-06,-8.50112558340254e-07,3.47864946469661e-06,-6.72452455682664e-06,-2.77720854289915e-06,1.49165300221333e-07,3.30814497767093e-06,-5.28399322102931e-06,1.46779197584818e-06,-6.8067126329637e-06,3.08776966917679e-06,-3.11914013332572e-06,-4.62710042236699e-06,8.26230945443291e-07,-5.13720709872019e-06,6.84266670089143e-06,-2.23353276515181e-06,3.77601955261633e-06,-2.69207408939169e-06,0.000113686826884061,-7.15040522495856e-05,-5.48567633554446e-05,-4.66896793092212e-06,3.58507961771095e-05,0.000240151577974507,0.000161015817436254,4.74713281450414e-05,1.81060172441411e-05,-5.048652588536e-05,7.0318151401173e-06,-2.11745666871751e-05,7.01659338731372e-05,-7.59939500044785e-05,-1.44259886200932e-05,-5.28192673226964e-06,0.000270833207293197,-3.47494073261174e-08,2.71946608567636e-07,1.10635264344402e-07,5.29412780397292e-07,1.69879655079154e-06,4.10078441161673e-07,4.06661138140231e-07,2.88354277500946e-07,1.63413743773664e-09,3.19782598592599e-07,0.000180544343433657,0.000606407968031965,-6.4251116572759e-05,-0.000102303010276441,-0.000584093183770211,0.000217174655628518,7.79909128394809e-06,0.000234474529119493,-0.000119728410379527,-6.28734417608485e-05,5.48082683661514e-07,0.0017992977900431,0.0032544296358311,-8.95953337500827e-05,-0.00324815711981358,5.11972761922462e-05,5.00809283546085e-05,1.01299214324718e-05
"east_of_england","beta1",-2.70435603088108e-05,1.85680233412999e-05,2.45815287162296e-05,-8.82053487856354e-06,1.72580499660042e-05,-9.72099595707117e-07,6.5291963331241e-06,-7.11728228500359e-07,-2.28474246123837e-07,-3.56079424512944e-06,-2.88567872152749e-06,2.38536409543643e-07,-1.0732134509841e-06,7.97150994242509e-07,-5.72923169854253e-06,1.65498458795562e-05,2.11063869641114e-06,-2.42251050819456e-06,-1.27317945087959e-06,1.27177570759329e-05,-4.09954473984734e-06,2.33884743628552e-06,1.51802488628575e-06,-5.80056859521459e-06,8.15486269037991e-06,-7.249995836704e-07,-1.94117785163163e-06,-2.07933837522131e-06,5.01452926534948e-06,-2.07873233937372e-06,4.12919853476741e-06,2.22315778284573e-06,-1.25858067274754e-06,3.25460661047799e-06,1.17736047515438e-07,3.62903822369432e-06,-7.59313996538234e-06,4.07759376549545e-06,-3.10468445429488e-06,1.47216672180585e-06,-0.000139160854832919,3.64961930422095e-05,2.22434897556036e-05,7.30107771409893e-06,-0.000221258350098902,-2.52062713210152e-05,-5.09429409015734e-05,-8.55594232537868e-05,-4.79719085948472e-05,6.94337552116741e-05,2.09942104070543e-06,4.31975291906894e-05,-9.4754181193366e-05,5.56966968719198e-05,-1.69493971403469e-05,-1.30413409294573e-05,-0.000256282290659866,1.75905614522583e-07,-3.6068803380857e-07,-4.67605117669818e-07,-2.03529200133145e-07,-7.7882588335242e-07,-3.34800799437554e-07,4.16072913703061e-07,-4.15192776448145e-08,2.42180928381219e-07,1.19861565573633e-06,-0.000188900124596287,-0.000269977151104151,7.02361988932597e-05,0.000215545872647832,-4.92412184630721e-06,-5.86166999479403e-05,8.6018919745194e-05,6.15576610771798e-05,8.76306837071771e-05,-4.22045251535749e-05,-8.80048650798893e-07,0.00322584225593436,-0.00794293896080424,0.000578004450902127,0.00715928273977878,4.01668650042463e-05,-8.1039399955735e-05,-1.84393645337271e-05
"east_of_england","beta10",9.13099111446574e-06,1.38888229804397e-05,-2.99410929301914e-06,1.52633241592878e-06,-9.72099595707117e-07,1.55085988766563e-06,-3.56369469548538e-06,8.30950399524017e-07,-7.08277381585417e-07,1.01663541749057e-06,1.46309173707235e-07,-1.39122569652326e-07,-3.38375375216793e-07,4.09281384933783e-07,-5.67535371627073e-07,-2.87821591196483e-07,-1.00344018376209e-07,-2.33259224774665e-07,-1.26630154486857e-06,-5.762741389908e-08,-5.3930115315373e-07,-6.61939549858669e-07,-1.1540132064198e-07,-1.60408328906359e-06,-3.68878088289279e-07,-1.37170756419792e-06,4.23668536163458e-08,4.37027658977919e-07,-2.27830128676636e-06,-1.37507534751527e-06,-1.79394914150682e-06,-1.60691847477348e-06,2.0424606666367e-08,-8.07576627109092e-06,9.64871896887185e-09,-3.4680714425811e-08,1.02728569816588e-07,-6.32829977484928e-07,-7.40493341534708e-08,4.141823376192e-07,3.66845733754651e-05,1.8770985243529e-05,6.07382207659359e-07,-2.78923368269701e-05,1.69699284415879e-05,8.00330037860507e-06,7.19732093029154e-06,2.16156517260953e-05,-6.96096453906138e-06,-1.20184912250713e-05,-4.59386284839435e-06,5.42624620432628e-06,1.52217052540655e-05,-1.14350947237237e-05,-6.97346338167673e-06,5.22662793636885e-06,-1.79133561580034e-05,-4.09490855818581e-08,-2.49690130715932e-08,-2.99043526105245e-08,-8.97474893923353e-08,1.50072142588524e-08,3.38290013915084e-08,-6.74147010738271e-08,-3.97146073523703e-08,-1.88431186395142e-09,-2.88447133302037e-07,4.32754342380997e-05,3.88070690571131e-05,2.99687188946928e-05,-8.25968278617575e-05,-3.27567719242643e-07,8.07940515613178e-06,4.88452648316835e-06,-4.36418684663231e-05,-1.69568583342253e-05,8.3244262753294e-06,1.54175930690679e-07,-0.000137285105313913,0.00162493477057762,0.000607941975272572,-0.000244426471021346,3.46490128912312e-06,2.17487969538949e-05,4.68952188940442e-05
"east_of_england","beta11",4.27729382437094e-06,-6.74648865516526e-05,5.34443825200006e-05,-4.34134970240316e-06,6.5291963331241e-06,-3.56369469548538e-06,1.59754774738598e-05,-4.74831083200061e-06,1.25635043099786e-06,-2.74148245289887e-06,-3.38782434879348e-06,-3.61761978724867e-07,-1.32865385846839e-08,-1.24589381316118e-06,-1.37984043901119e-06,9.18393543591641e-06,-1.12093308504848e-06,-2.4752039628713e-07,7.32430260345006e-07,-1.36373426358556e-06,5.26803066761802e-07,-4.98948824940813e-07,1.02782883031565e-06,1.30549049109213e-07,-3.87918475590903e-07,1.49257373433981e-06,-4.00254930081745e-07,-2.30996436414157e-06,2.21887831652652e-06,3.85767506380569e-06,2.84458259527613e-06,6.68613411423112e-06,-7.47294123585606e-06,3.24851457631413e-05,-2.75627595024353e-08,-1.25035031812116e-07,2.36913195112691e-06,-4.60931759094415e-06,9.45217291851244e-06,-5.73834375626363e-06,4.20559759208484e-06,-0.000115962349099619,4.0106099560424e-05,4.87854871075831e-05,-0.000275062109353228,-2.33509229970443e-05,-8.49987558351731e-06,-0.000114097323554972,3.82807767678512e-05,5.96336521956161e-05,1.49894230654009e-05,-3.3672654070158e-05,-5.71103690204555e-05,2.1769139287087e-05,7.54388245575128e-06,-9.31910255918911e-06,-2.69775182098532e-05,-3.7058165602813e-08,-1.68535742771525e-07,-6.90253564430354e-07,1.64102936713116e-07,-1.90732670016078e-07,-3.14154408078889e-07,1.63828257385581e-07,-2.8353047373019e-07,-5.51224027287362e-08,1.2707399396228e-06,5.40234639124193e-05,-3.75448514500932e-05,7.9410647982192e-05,0.000460761299376343,5.34702989949644e-05,-9.59311273910112e-06,-7.63619232695309e-05,0.000196972425256703,-7.46671907553304e-06,-7.48563683059863e-05,1.8033397782284e-07,0.00401006617363133,-0.00810705081642697,-0.00169069393687123,0.00249504291692445,4.12082074574825e-05,-6.82227061502922e-05,-9.90275876050385e-05
"east_of_england","beta12",-6.68349441701208e-06,-2.51284618253717e-05,-6.87513481009877e-06,1.39017113686417e-06,-7.11728228500359e-07,8.30950399524017e-07,-4.74831083200061e-06,2.08358949555824e-06,-7.31545622816548e-07,5.32633558868994e-07,5.55672133621737e-07,1.43465345480743e-07,-1.93481034543315e-07,-1.19886309998176e-07,3.52859623674136e-07,8.9305003369888e-07,4.92906737225959e-07,-2.71147901389415e-08,-9.79505802717141e-07,1.97551599346893e-06,-4.2100920593681e-07,3.6773491372746e-07,-3.89105439833175e-07,3.42446163144836e-07,7.04869047306521e-07,-6.69943017389841e-07,1.56153222279342e-07,9.95129948878552e-07,7.19355008496702e-08,-1.45849225087683e-06,-5.00524148999802e-07,-1.80616709117952e-06,2.60518450580559e-06,-1.060355905798e-05,-1.40893651245354e-07,3.99635976872421e-07,-1.76042471877903e-06,2.88512512006824e-06,-4.68052325430841e-06,2.64511440369533e-06,-1.6590989263351e-05,3.30132621638743e-05,-1.60289213638214e-05,-1.5874476228565e-05,7.94113601622106e-05,2.06744680985663e-05,5.06051434695271e-06,2.97797349319897e-05,-1.79834409236071e-05,-3.65438737566321e-06,-5.67811994405862e-06,1.78640416808389e-05,1.15188065131877e-05,-1.50398145280222e-05,-7.92729032245184e-06,-1.08855338314254e-06,3.37053520497532e-05,5.08736510860308e-08,7.4004175174491e-08,2.0315046104355e-07,-8.16150193882714e-11,1.48523228885733e-07,1.32328646085377e-07,5.91704842391458e-08,1.55616296252222e-07,5.55935531308993e-08,-1.7637899525143e-07,-7.6756858892027e-05,3.83830442516347e-05,-4.02116936679193e-05,-0.000128069760653321,-5.94280199152596e-05,-6.23417677908652e-06,5.55776120671068e-05,-4.0859063350278e-05,3.54695464240462e-05,7.81636631937596e-06,-1.80434186487721e-07,-0.000663920971180511,0.00230313865064033,0.000580341493946809,-7.19997939877925e-05,-1.95745731390061e-06,1.08284903333236e-05,2.21991992115505e-05
"east_of_england","beta13",-1.46160928503072e-06,1.97874472804687e-05,-1.12898323882556e-05,-5.26051205273148e-07,-2.28474246123837e-07,-7.08277381585417e-07,1.25635043099786e-06,-7.31545622816548e-07,2.02265661667131e-06,-2.36934691165992e-06,2.0609688721152e-06,4.80483304250233e-07,5.27107452431343e-07,9.178385145612e-07,9.01586975560446e-08,-1.01434375493502e-05,6.07014966066127e-07,7.917780695314e-07,1.92372648134783e-06,2.01681702072201e-07,8.57126185358821e-07,9.80686540162297e-07,1.25332002300235e-06,7.46709230507494e-07,9.56393574984482e-07,2.67460312618494e-06,3.57173247883361e-07,5.41843745138617e-07,2.22482948262871e-06,2.58285851924672e-06,8.06322689371146e-07,2.57298389519298e-06,1.79431225876498e-06,1.57647719615686e-06,3.71653143437797e-07,-9.95111601467833e-07,1.45739669433678e-06,-8.62450235088756e-07,1.53658212058969e-06,-3.27819355103303e-07,-2.65397310791886e-06,-1.44499596440475e-05,-3.92136515819496e-06,1.12492899465933e-05,3.41480317352705e-05,-1.35660135555635e-05,1.19403664609842e-05,-1.53825859936451e-05,3.22219658004803e-07,-2.18221844495632e-05,3.99039805237937e-06,-2.70816210541847e-05,1.02150841125061e-06,4.01445522203958e-05,1.03647797564891e-05,1.43257526966207e-06,7.06147669535193e-06,1.39762154525196e-07,1.28182201275029e-07,2.29278216926496e-07,7.86461401559952e-08,1.52244695717757e-07,4.09128205733142e-08,-5.10141221179185e-09,9.61760443334258e-08,7.02542128803504e-08,1.04271409427825e-07,-1.71916462813631e-05,-9.33968393769247e-05,-1.56711993772891e-05,-2.77838308954437e-05,2.93236417338044e-05,1.78911996831118e-05,-2.80325891837692e-05,-1.33048182834583e-05,-1.93736194603162e-05,-1.9538955273636e-06,-3.25348994701934e-07,-0.000888246958819822,-0.00180882191870541,-0.000674778405976265,-0.000791077947993285,-2.00299289754825e-05,-1.16172119556369e-05,-5.41959315660831e-05
"east_of_england","beta14",1.82664911596243e-06,6.74844347649586e-05,-9.03003552297996e-06,1.47239631012537e-06,-3.56079424512944e-06,1.01663541749057e-06,-2.74148245289887e-06,5.32633558868994e-07,-2.36934691165992e-06,6.72473402934439e-06,-2.84652131971993e-06,-1.05584418292412e-07,6.07415552627752e-08,8.8582365215588e-07,1.333285801014e-06,8.95786182974e-06,3.73743598449186e-08,-1.2399653931709e-06,1.8558083213504e-06,-3.25025437575675e-06,-4.31272888558485e-07,-9.06731954471606e-08,-3.42709542725185e-06,3.19224715644369e-06,-2.94324666295723e-06,-2.03068160539979e-06,-7.93103395428317e-07,-2.3094465677944e-06,-1.60168651812644e-06,-3.51036749657896e-06,6.29261462696205e-07,-6.78313167704224e-06,3.76496180264064e-07,2.27356816779707e-06,-5.50784608592811e-07,1.17163441236916e-06,-4.99792623378543e-07,8.83068321955824e-08,-1.79666199598824e-07,-2.07475947183205e-06,-3.96995325137524e-05,4.84118372735405e-05,-1.40159189032114e-05,-2.29101320570883e-05,-1.90185321742598e-05,5.57706588301628e-05,-2.14069957115178e-06,3.08940881360096e-05,3.84341041098627e-05,6.75140578393049e-06,4.55549933122742e-07,3.17833870857486e-05,3.12895087128651e-05,-4.10654489890393e-05,1.00578986133545e-06,9.54725534042989e-07,-2.92059224839218e-05,-4.12047523320817e-07,-2.46792499915418e-07,-9.11170964471101e-08,-7.99471026690435e-08,2.30029764729727e-07,-1.08565273838654e-07,-1.66888535825018e-07,-1.10087861368533e-07,-2.40921167585991e-07,-6.922139071365e-07,4.18458249941824e-05,0.000221437209061377,9.7079803082609e-06,2.66345981717967e-05,-4.5966429811758e-05,1.27867233819417e-05,-2.7771960919395e-05,3.53697801629683e-05,-4.71138590296341e-05,5.15035604085163e-05,8.49192128506307e-07,-0.00140970078666688,0.00358494258180065,0.000586929793082997,-0.000777615618173516,-2.54728840950031e-05,3.50771471881445e-05,7.22321271814942e-05
"east_of_england","beta15",-1.07677611895524e-06,2.75563783784811e-05,-3.1429454169432e-05,-3.29971905283319e-07,-2.88567872152749e-06,1.46309173707235e-07,-3.38782434879348e-06,5.55672133621737e-07,2.0609688721152e-06,-2.84652131971993e-06,4.59293687260782e-06,5.79332247661737e-07,7.04602548896721e-07,1.29081047737675e-06,8.15808320105379e-07,-1.8735454356924e-05,6.63067170274961e-07,1.94148691083702e-06,1.45422574285151e-07,1.2661552404217e-06,1.15007091318824e-06,1.09209969878117e-06,1.82137500475393e-06,3.00684548473401e-07,1.34328096195704e-06,2.93364724881243e-06,1.15198604051365e-06,2.20094197860832e-06,1.44503727633789e-06,2.51664344142065e-06,-3.92138308490305e-07,2.13931018181701e-06,4.15332821006355e-06,-9.45738648212148e-06,4.27093299851087e-07,-1.54475277590293e-06,1.71031806918944e-06,-1.84463340001421e-07,-9.43150192795377e-07,2.13512036144325e-06,2.37552039176874e-05,1.57343585724882e-05,-1.4649102634574e-05,7.90834483829996e-06,0.00015390581250777,-4.80258453462722e-05,6.91218244957881e-06,2.70666718209349e-05,-1.69773169801152e-05,-4.86306623026903e-05,-5.15102311030044e-06,-3.11891224909447e-05,2.41937313849993e-05,3.42554534019908e-05,9.6372041642908e-06,6.81994981214802e-06,1.66057358951164e-05,2.51045311879785e-07,2.9465626769737e-07,5.2861677302319e-07,2.32459361662744e-08,6.77691699130093e-08,1.8459273203848e-07,-9.88891855840054e-08,2.00209222758368e-07,1.27477271768919e-07,-3.37294617844904e-07,-1.92542353621241e-05,-0.00013168498849674,-5.14829808905853e-05,-0.000200456578502922,0.000106856683807052,-1.27795462560539e-05,-1.73202219093154e-05,-0.000117412898973774,-3.25815530714008e-06,2.04963707386675e-05,-6.83849623174465e-07,-0.00251724693578213,0.000656929980896019,-0.000344547332193605,-0.00208121078124757,-3.63037464632563e-05,9.04296573762773e-06,-3.74136303863574e-05
"east_of_england","beta16",-5.12536035209902e-06,1.04834858226317e-05,-4.22140137298636e-06,-5.67015631363385e-07,2.38536409543643e-07,-1.39122569652326e-07,-3.61761978724867e-07,1.43465345480743e-07,4.80483304250233e-07,-1.05584418292412e-07,5.79332247661737e-07,4.3681451200207e-07,1.88081557012182e-07,9.48998102198786e-07,1.11803159800921e-07,-3.08809981287668e-06,8.09179715201384e-07,3.84074664030053e-07,7.25025791829939e-07,1.68415607780408e-06,1.15738478247162e-07,1.07222587613302e-06,1.53095674428753e-07,1.24953585340539e-06,9.49166062337778e-07,1.2450854013761e-06,9.03844382909793e-08,1.67069111768707e-07,1.83073235176699e-06,2.9748564976131e-07,9.44146065685903e-07,1.85069945101233e-07,1.64851704037558e-06,-4.23506956008178e-07,8.18056020217554e-08,-1.22335211192499e-07,-3.36969353444102e-08,5.61995658427394e-07,-6.10669979871237e-07,2.57458532249508e-07,-2.16252002489653e-05,1.26172306342303e-05,-1.18050082761766e-05,4.03855664482608e-06,2.24200214147511e-05,1.22950052039719e-05,4.42468230167241e-06,1.15831914351775e-06,3.09168485583332e-06,-5.48358200149988e-06,-7.11071233977496e-07,-5.85443688249967e-06,5.42990772045056e-06,1.02404429097847e-05,2.04685665905602e-06,-3.71599827695449e-07,-4.89758489685086e-06,2.7338020465826e-08,2.4604132337141e-08,1.68468371852196e-07,3.01032168926942e-08,1.90098180057218e-07,1.09360142771397e-08,3.39145184976369e-08,8.73858969800183e-08,3.00257441226187e-08,1.30238246234197e-08,-4.41535730630928e-05,7.93100509345903e-07,-1.63283432837873e-05,-2.30297814095759e-05,1.75581191226859e-05,-5.39361582818211e-06,-6.78889341707583e-06,-4.082004967126e-06,3.80509850163302e-06,6.58907661879417e-06,-2.11125193939413e-07,-0.000974432113105496,-0.000374277557693998,-5.45570836044189e-05,-0.000142581411363736,-1.76790889906029e-05,-8.35719420769223e-06,-1.27145801804967e-05
"east_of_england","beta17",-2.73558187129339e-06,3.47276218001996e-05,-1.24261627299528e-05,-4.07157558705082e-07,-1.0732134509841e-06,-3.38375375216793e-07,-1.32865385846839e-08,-1.93481034543315e-07,5.27107452431343e-07,6.07415552627752e-08,7.04602548896721e-07,1.88081557012182e-07,4.40498271425006e-07,4.06978363304616e-07,5.94413483714317e-07,-3.98117458539885e-06,2.7247101590242e-07,1.77395006627596e-07,1.96333092110827e-06,-1.04027695661684e-06,5.87367360526439e-07,5.04493775063233e-07,3.96937343849771e-08,1.10245020201922e-06,6.78123185753398e-08,1.10627859933214e-06,-1.23213607342002e-08,-1.93970395842173e-07,1.09690165265528e-06,8.51357550995975e-07,8.35443551766739e-07,-6.59155483704724e-08,1.39592262708771e-06,1.31006482923334e-06,1.27989707165112e-07,-3.20422802548857e-07,4.39187271940539e-07,3.03781294368232e-08,1.0328578944552e-07,-3.30727938028387e-07,-2.01694202835028e-05,2.55514715621795e-06,-7.4403465233139e-06,7.30716621459767e-06,2.83466903680452e-05,-2.06710650686919e-06,5.3465918386278e-07,2.77802469299441e-06,5.26007516805582e-06,-1.15738106531557e-05,2.15597790051753e-06,-3.54168464813807e-06,8.25564555016813e-06,1.44830082472767e-05,8.16525570324108e-06,-2.5421615311054e-07,2.26577267524814e-06,7.28551242596598e-09,2.97013981607489e-08,1.32689538757354e-07,2.12775288288646e-08,7.107785039693e-08,7.84451454079776e-09,-3.34878476249008e-08,4.58034941776387e-08,-9.41392929242783e-09,-1.18567879983438e-07,-1.44140415788507e-05,-1.5128576897273e-05,-2.11977159090068e-05,-2.42140339821305e-05,-1.36477465248477e-06,8.62736250332663e-06,-1.5739347984381e-05,1.75468083278206e-07,-1.58727989239187e-05,1.41291052945806e-05,-7.97287129468866e-08,-0.000997715502133022,-9.62074835144974e-05,-0.000322679423951585,-0.000650283101528121,-1.87311180294669e-05,8.67409054282059e-07,-2.02309843323528e-05
"east_of_england","beta18",-5.19225044355747e-06,0.000115175602012149,-2.22876450810419e-05,-2.09237564996879e-06,7.97150994242509e-07,4.09281384933783e-07,-1.24589381316118e-06,-1.19886309998176e-07,9.178385145612e-07,8.8582365215588e-07,1.29081047737675e-06,9.48998102198786e-07,4.06978363304616e-07,4.01078284860717e-06,-1.22884198899242e-06,-1.14602374565186e-05,2.19030560987036e-06,2.68202044561611e-08,2.73397666230362e-06,3.17300450620231e-06,-5.17476242239813e-07,2.35670354642347e-06,1.44370645842673e-07,1.06966510764549e-06,2.54864987648214e-06,1.92048924723567e-06,-2.0339640467307e-07,-5.41747787759617e-07,2.68156297185659e-06,5.76352460510358e-08,1.85315630949074e-06,-8.73690947640456e-07,3.2965381735022e-06,-2.06350186900238e-06,3.87106439711127e-07,-4.06472101113393e-07,7.67444385984015e-07,-1.15272951881527e-06,1.62570534412939e-06,-1.03541753891881e-06,-6.41534978615739e-05,5.71481863117587e-05,-2.70874861463699e-05,1.97870350080934e-06,9.60665069483464e-06,1.2954451800599e-05,9.86268735191505e-06,1.30341116783614e-06,7.19595502556705e-06,-3.05557792208123e-05,-7.54538598574198e-07,-5.45197927535556e-06,3.2213305682057e-05,4.74550877779748e-05,9.49739844949331e-06,2.52536601062228e-06,-0.000141746621151559,-9.03164215945388e-09,-7.46051188176471e-08,3.21204065852956e-07,-6.28220063870933e-08,2.93366176979984e-07,-7.5939307441064e-08,-3.29118815505815e-08,1.19347128935829e-07,2.86874818013542e-08,-3.25207583581788e-07,-1.69938645269721e-05,-1.93633696446114e-05,4.05197854854376e-06,-5.59436243489143e-05,4.63757737066531e-05,3.3799553278724e-06,-6.13903806739347e-05,-1.26877828472276e-05,-5.35829407418095e-05,4.17121514046677e-05,-5.21042329633425e-07,-0.00257530654331621,-0.00129035045274658,3.25952193286586e-05,-0.000430693698221203,-5.19968368520813e-05,-7.81898612772242e-07,1.13905056184019e-07
"east_of_england","beta19",-1.79930324486248e-06,-5.60931257165455e-05,-1.32205233076864e-05,8.34879741047217e-07,-5.72923169854253e-06,-5.67535371627073e-07,-1.37984043901119e-06,3.52859623674136e-07,9.01586975560446e-08,1.333285801014e-06,8.15808320105379e-07,1.11803159800921e-07,5.94413483714317e-07,-1.22884198899242e-06,4.01530343941462e-06,-2.27583582962506e-06,-8.95116624248579e-07,1.71453517638867e-06,-3.2777642007465e-07,-2.50637013540873e-06,1.75051577231082e-06,2.17993959304249e-08,-1.08728973481018e-06,4.45314135278511e-06,-3.01678343755667e-06,1.61414987047271e-06,1.08699424793811e-06,4.38119689676621e-07,4.4522750042216e-07,5.48971111593041e-07,3.60245871523031e-07,-1.55189197337053e-06,1.80070182593337e-06,2.235931791775e-06,-6.49558171812786e-07,5.27318931022586e-08,9.58879007283957e-07,9.45396672311684e-07,-1.84542553982006e-06,6.47935623433763e-07,3.50197504285417e-05,-1.87067029469695e-05,-5.97980874375731e-06,1.47568551531657e-06,0.000115219920405177,-2.47550783135398e-05,-8.90303432393371e-06,2.9189872753903e-05,2.7411339358076e-05,1.1635662271735e-06,-3.45531772722278e-06,-1.82197215523435e-05,1.10790097464989e-05,-3.2846374779102e-05,5.14581345934965e-06,3.98687622246231e-06,0.000154887876460183,-8.91282668619418e-08,1.67817364899497e-07,2.3464352299172e-07,1.00681337292433e-07,1.3868574607594e-07,1.13372482777603e-07,-1.85916934268665e-07,2.63557728190933e-08,-1.19316805247191e-07,-3.41980884050426e-07,-2.95350061917361e-05,6.61751823488399e-05,-6.27275352855299e-05,-3.51283865435429e-05,0.000118014959521012,-3.48297197409279e-05,-6.31207882053102e-06,-6.58941990488368e-05,3.69720200198347e-05,1.59086606287817e-05,4.48451508683104e-07,-0.00174774170344068,0.00362910413740562,-0.000321956866741999,-0.00226727189440603,-2.39069081492055e-05,1.28414703997184e-05,-1.29527940142761e-05
"east_of_england","beta2",-2.43281054995781e-05,-0.000401186800368063,0.000155922393891906,1.81862730843339e-06,1.65498458795562e-05,-2.87821591196483e-07,9.18393543591641e-06,8.9305003369888e-07,-1.01434375493502e-05,8.95786182974e-06,-1.8735454356924e-05,-3.08809981287668e-06,-3.98117458539885e-06,-1.14602374565186e-05,-2.27583582962506e-06,0.000120424683372863,-4.03814619214292e-06,-5.80949333318495e-06,-1.57084806084936e-05,9.44721034225287e-06,-7.57320629256934e-06,-3.03568399305134e-06,-9.39790417866952e-06,1.80529881494617e-07,-4.81920171958805e-06,-1.38998855288875e-05,-5.6463766894843e-06,-6.85652308105815e-06,-3.63299664945145e-06,-1.39548605227928e-05,1.81724023319229e-06,-8.32717838268984e-06,-1.40568934040135e-05,2.31482290414386e-05,-2.71995153588838e-06,1.16100664591401e-05,-1.87865151217768e-05,1.41700787149584e-05,-1.33931496619048e-05,1.08618494735688e-06,-9.90157618680823e-05,3.43871362454849e-05,0.000131387384471973,-7.71534497395269e-05,-0.00052932950712462,0.000229655541220132,-0.000110312919695382,-0.000101138369829754,1.40691174513531e-05,0.000302602970174594,5.58524738612763e-06,0.000159994444108854,-0.000227651522097615,-0.000295762102945096,-8.28272171423942e-05,-3.39620592469702e-05,3.49687951454034e-07,-8.80402337389631e-07,-9.03010751772549e-07,-2.44929080541391e-06,-1.00665563186379e-07,-1.04048141624099e-06,-5.13208574649464e-07,6.43223113911147e-07,-7.05151242648164e-07,-2.79196379651708e-07,1.85841357374709e-06,-0.000229087241070498,0.000394699570653953,0.00019476068241114,0.000757652709687699,-0.00032537243447842,-8.04031909969849e-05,0.000319876486685715,0.000335348219390878,0.000260848699865395,-0.000140266650012314,3.01692650030595e-06,0.0130814490809812,-0.00157878711039993,0.00269961070583041,0.0122780694402787,0.000224379336226107,-8.37140642322968e-05,0.000157901144306455
"east_of_england","beta20",-1.2980191597447e-05,6.65702138988867e-05,-9.49556787748505e-06,-1.07262292445811e-06,2.11063869641114e-06,-1.00344018376209e-07,-1.12093308504848e-06,4.92906737225959e-07,6.07014966066127e-07,3.73743598449186e-08,6.63067170274961e-07,8.09179715201384e-07,2.7247101590242e-07,2.19030560987036e-06,-8.95116624248579e-07,-4.03814619214292e-06,2.25974482053089e-06,-6.03736714358156e-07,3.81039617566747e-06,2.92947298897353e-06,-3.12897969240633e-07,2.24260421835895e-06,2.50275158277296e-07,1.41038739471689e-06,2.92672085565164e-06,1.6834606129617e-06,-4.53070316560393e-07,-1.58705262339581e-07,3.77035731754169e-06,-8.09195121031148e-08,2.13099019475712e-06,-3.68377965990281e-07,3.37043594353714e-06,-2.33093397673342e-06,3.72217745679322e-07,-5.50988291002946e-08,-1.12543357618065e-06,1.78903747012104e-06,-1.81609203726451e-06,4.72652744093153e-07,-8.47838584668443e-05,3.31801460140879e-05,-3.25863830607146e-05,8.09394116441755e-06,1.84712919177432e-05,4.70452006919416e-05,1.4738978198035e-05,9.10989024342804e-07,-1.86724481497128e-06,-1.40488129028599e-05,1.23794825185713e-06,8.00725887855437e-06,1.0480883973166e-05,3.55541573632932e-05,3.80354585768865e-06,-4.30124432171251e-06,-4.39044257721045e-05,4.31076118899414e-08,-5.26684630230117e-08,2.92504489226529e-07,1.64893954832894e-08,3.59246657788495e-07,-1.74096393015571e-08,1.49435360162182e-07,1.94108308137524e-07,7.00636024400116e-08,9.33393348350879e-08,-9.7187761399642e-05,5.35406539325453e-06,-3.08741535560378e-05,-5.59988609210555e-05,-6.98741240760056e-05,1.51157309126126e-05,1.31940795704918e-06,2.98444792963166e-05,-4.97678242395661e-06,1.61125301382621e-05,-5.00013703483156e-07,-0.00171485321322411,-0.00129002931502868,0.000107592945186285,0.00051708861610918,-3.21252584715858e-05,-1.80716126743185e-05,-1.54137554569949e-05
"east_of_england","beta21",-1.15021152133021e-06,-0.000102037822695996,5.27029200094873e-06,-9.5961921974771e-07,-2.42251050819456e-06,-2.33259224774665e-07,-2.4752039628713e-07,-2.71147901389415e-08,7.917780695314e-07,-1.2399653931709e-06,1.94148691083702e-06,3.84074664030053e-07,1.77395006627596e-07,2.68202044561611e-08,1.71453517638867e-06,-5.80949333318495e-06,-6.03736714358156e-07,3.75935848154072e-06,-7.13179144478928e-06,4.79221546849189e-06,8.30250974628588e-07,7.34621432693739e-07,6.75972727676557e-07,2.22718608583921e-06,-2.53772574737691e-07,2.00771679044183e-06,1.34477752021037e-06,1.83812053083502e-06,1.14023764351975e-06,1.09959440870958e-06,-3.2443695221688e-07,2.78718659433312e-06,6.20218350598473e-07,-2.45590505917595e-07,-1.35673469485105e-07,-6.42802101609103e-07,1.46664642134362e-06,1.22466653904066e-07,-1.04960039558353e-06,1.71989788839883e-06,7.06794291431407e-05,1.95704959560812e-05,7.33548121648762e-06,1.38784055407531e-05,8.39759013246149e-05,-2.51605890167009e-05,-1.93211346589642e-05,1.42875109742648e-05,5.50997807739631e-06,4.7266611810196e-06,-1.22458564990127e-05,-4.29624743407643e-05,-4.50358453422383e-08,-4.22611502056766e-05,-2.75657950621127e-06,5.51669280823124e-06,2.32655466817689e-05,1.16795176549565e-07,2.60770254882303e-07,2.44198935957725e-07,7.89428275522548e-08,9.94296963356359e-08,1.04516049127104e-07,-5.01418147726936e-08,6.2514784338465e-08,7.75000328013644e-08,-8.32593565130617e-08,-2.78163941022646e-05,-4.70239763165001e-07,-1.64282978422494e-05,-4.20400168654926e-05,0.000261701003878596,-8.3172708102002e-05,-2.50490794599851e-05,-8.82274922984708e-05,4.9071013839861e-05,-1.4782736360964e-06,-3.67522481828018e-07,-0.00111953428949524,0.000653930026579031,-0.000163598847923831,-0.00139681440685077,-1.1986849732654e-05,-1.08199146903067e-05,-1.65558239785112e-05
"east_of_england","beta22",-3.53683048499877e-06,0.000384708780608064,-5.75081676645222e-05,2.08900543780776e-06,-1.27317945087959e-06,-1.26630154486857e-06,7.32430260345006e-07,-9.79505802717141e-07,1.92372648134783e-06,1.8558083213504e-06,1.45422574285151e-07,7.25025791829939e-07,1.96333092110827e-06,2.73397666230362e-06,-3.2777642007465e-07,-1.57084806084936e-05,3.81039617566747e-06,-7.13179144478928e-06,3.03562295339509e-05,-1.79950715022164e-05,2.86465706089281e-06,1.34922020833747e-06,4.15755031988681e-07,2.17413812212733e-06,1.49704684223723e-06,3.48005962694705e-06,-2.20494934107403e-06,-3.27793313114062e-06,4.68631976409645e-06,4.0912575247549e-06,4.53808318821921e-06,-4.01240178332665e-06,6.04727338541512e-06,8.0721764008278e-06,1.31314868668477e-06,-2.3063740820609e-06,2.05374341653292e-06,-1.99578716809451e-06,5.41684010514264e-06,-6.35562114205385e-06,-0.00021785950928158,-0.000103548515253248,-8.48142612506321e-05,1.33337411154657e-05,-1.75020190732542e-05,9.4272615873888e-05,9.71285745365434e-05,-9.67172778480571e-06,2.8097334746165e-05,-9.08752239920749e-05,3.85731828736455e-05,4.942279109058e-05,6.84299550003105e-05,0.000189254191544495,4.66183225729221e-05,-1.2833610397359e-05,0.000121080836615891,-1.56172424331891e-07,-3.6722117759425e-07,3.44877806426973e-07,8.56446670836583e-08,8.42758144238316e-07,-9.67025844886499e-08,8.06598897345134e-08,2.08220414692319e-07,-1.99258332445094e-07,6.48533670103999e-09,-2.18683732480385e-05,3.12320558703297e-05,-9.10776109742808e-05,-6.8373124360352e-05,-0.000649179724556066,0.000261469661368772,-4.40767070455379e-05,0.000239648022174381,-0.000188579790940377,4.36514462070712e-05,3.04756946815593e-07,-0.0034465227909993,-0.00244874228394635,-0.00151092418760555,-0.0010169550214166,-8.16152465979669e-05,6.75028559728263e-06,-9.13624266186843e-05
"east_of_england","beta23",-5.21999482715035e-05,-0.000141546562336214,6.96208193477934e-06,-1.18850223473589e-05,1.27177570759329e-05,-5.762741389908e-08,-1.36373426358556e-06,1.97551599346893e-06,2.01681702072201e-07,-3.25025437575675e-06,1.2661552404217e-06,1.68415607780408e-06,-1.04027695661684e-06,3.17300450620231e-06,-2.50637013540873e-06,9.44721034225287e-06,2.92947298897353e-06,4.79221546849189e-06,-1.79950715022164e-05,3.0708751071359e-05,-4.94631322439605e-06,6.52403848699929e-06,5.05148323936619e-07,3.19688393259847e-07,1.00731682334306e-05,2.33391006867361e-06,1.20348691087511e-07,1.06629407989578e-06,9.19491079834577e-06,-4.64910322089744e-06,5.0308689638911e-06,1.87147798458221e-06,5.43604429811389e-06,-1.20431863783073e-05,-6.12959474766522e-07,4.98650690623862e-06,-9.79202550007064e-06,9.66531115039499e-06,-1.32085865626512e-05,8.62972790054245e-06,-0.000107091039850947,0.000211447941718929,1.75733064063752e-05,7.73183933910929e-06,3.96679328230445e-05,-5.2152548391835e-05,-0.000116704860690078,-2.24471143925737e-05,-5.27040294675861e-05,8.3306756225548e-05,-3.211064584272e-05,-1.65875807871305e-06,-9.16010153668388e-05,-4.47049321805742e-05,-2.98643337826777e-05,-1.60725215784998e-06,-0.000336929642096183,3.14057480324027e-07,7.42754954095988e-08,3.61400055775186e-07,-2.13005338509582e-07,-5.99877770873648e-07,-1.24111139334784e-07,2.74938538935886e-07,2.72141452334764e-07,4.08016802948264e-07,3.66889551186785e-07,-0.000382008040996608,-0.0002941596093536,7.44392948651392e-06,-1.73958469571278e-05,0.000564105880158144,-0.000274495617306251,9.03201081577993e-05,-0.000218500199951302,0.000235700985987696,1.29570099474359e-05,-1.83039027034745e-06,-0.00126815395981866,-0.00356372761388225,0.00166681198185643,0.00473432589728045,-1.76778483708669e-05,-9.06175355759044e-05,1.92381216358284e-05
"east_of_england","beta24",7.87585985963852e-06,-1.50370616961158e-05,1.99629292950592e-06,2.13644856509306e-06,-4.09954473984734e-06,-5.3930115315373e-07,5.26803066761802e-07,-4.2100920593681e-07,8.57126185358821e-07,-4.31272888558485e-07,1.15007091318824e-06,1.15738478247162e-07,5.87367360526439e-07,-5.17476242239813e-07,1.75051577231082e-06,-7.57320629256934e-06,-3.12897969240633e-07,8.30250974628588e-07,2.86465706089281e-06,-4.94631322439605e-06,2.28150701808741e-06,-5.14238607843072e-07,7.73739361834216e-07,2.22745813122637e-06,-1.70677289082461e-06,1.85056678494927e-06,7.77334097456093e-07,9.85743692524392e-07,3.76327119229506e-07,2.6112832607618e-06,-4.10477435402939e-07,1.71012104675836e-06,3.75186366880971e-07,3.66107175181665e-06,2.35719514836833e-07,-1.96206791828829e-06,3.22810930154294e-06,-1.55953430485582e-06,1.9784622127129e-06,-9.81454725686359e-07,4.31508564938714e-05,-5.78275438565927e-05,-1.52734066128807e-05,1.03747461813907e-05,5.06220040630806e-05,2.15635515600449e-05,3.02426892378501e-05,1.01622157586975e-05,1.96157186671687e-05,-2.25399771987199e-05,2.73175596367804e-06,-2.67045406135108e-05,2.72211991073596e-05,3.16145059767161e-06,8.90370729530938e-06,6.30541227352551e-07,0.000145555638181276,3.2480718371317e-08,1.53622447164676e-07,1.66255710708866e-07,1.63099246681952e-07,4.60591990346058e-07,1.1666053214167e-07,-5.72935557969131e-09,6.12414813394372e-08,-2.52270919919393e-08,6.15566977756521e-08,1.78290885780252e-05,9.04043291712011e-05,-3.2866504553787e-05,-3.52353311980231e-05,-3.64468215059784e-05,3.01953252061708e-05,-3.14479666251513e-05,3.01747984284349e-05,-2.1028603687966e-05,-1.10047635170664e-05,7.32821703775981e-08,-0.00089388313644595,0.000519917626092315,-0.000710279095379628,-0.00190547896255255,-1.28709611461571e-05,2.324701933252e-06,-4.04177031439085e-05
