"region","name","alpha_admission","alpha_D","alpha_death_hosp","alpha_H","beta1","beta10","beta11","beta12","beta13","beta14","beta15","beta16","beta17","beta18","beta19","beta2","beta20","beta21","beta22","beta23","beta24","beta25","beta26","beta27","beta28","beta29","beta3","beta30","beta31","beta32","beta33","beta34","beta35","beta36","beta4","beta5","beta6","beta7","beta8","beta9","mu_D","mu_D_2","mu_D_3","mu_D_4","mu_D_5","mu_gamma_H","mu_gamma_H_2","mu_gamma_H_3","mu_gamma_H_4","p_G_D","p_G_D_2","p_H","p_H_2","p_H_D","p_ICU","p_ICU_2","p_ICU_D","p_NC_15_24","p_NC_25_49","p_NC_50_64","p_NC_65_79","p_NC_80_plus","p_NC_weekend_15_24","p_NC_weekend_25_49","p_NC_weekend_50_64","p_NC_weekend_65_79","p_NC_weekend_80_plus","p_W_D","rel_p_D_alpha","rel_p_D_delta","rel_p_D_omicron","rel_p_H_alpha","rel_p_H_delta","rel_p_H_omicron","rel_p_ICU_alpha","rel_p_ICU_delta","rel_p_ICU_omicron","rho_pillar2_tests","seed_date_alpha","seed_date_delta","seed_date_omicron","start_date","ta_alpha","ta_delta","ta_omicron"
"east_of_england","alpha_admission",0.000249992899182512,-0.000768492779719749,8.14010844801621e-05,3.97858152888506e-05,4.96368732622858e-05,1.2533592450499e-05,-2.22956490307327e-05,-6.91621554519965e-06,9.04095570189053e-07,1.67813755591814e-05,-3.38343642447801e-05,5.70820824384258e-06,-4.74574522859822e-06,1.06318692190576e-05,3.88815256681584e-06,-5.2507024412099e-05,4.02583540238195e-07,-1.34954838881788e-05,-1.8903397897535e-06,-1.12965701183639e-05,-9.20010888646533e-06,-6.95805818640634e-06,8.58399394685638e-07,-5.12033107779264e-06,-1.31327425636094e-05,-1.11340513453173e-05,7.69221037057424e-06,8.06777175451752e-07,-2.9946932069187e-06,-8.07564452390896e-06,-7.72673806950521e-06,1.96759485458276e-06,5.4508818192665e-06,-5.17529322410335e-05,-1.44627028591071e-05,2.24207971054687e-05,3.08677346727779e-06,-1.8929927177485e-05,-5.26271631345085e-06,2.12704050837859e-05,-0.000263459343973795,0.000602037738953419,5.18524366215878e-05,0.000108170824042999,0.000679024317084398,0.00106271927800084,0.000293065631191684,-0.000675129754065287,-0.000101825552513766,5.82019704340186e-05,0.00015631064964235,0.000176521323620517,5.67235848744663e-05,0.000121497261269527,-2.53488023095159e-05,5.12149988816945e-06,-0.000182528891227796,3.01064874221284e-06,7.43501821383001e-07,3.02928511698398e-06,1.287088538338e-06,6.07128294343159e-06,1.42509026119504e-06,-1.3151351747548e-06,6.89198974607101e-07,-4.75796493519019e-07,-4.43286484254292e-06,-0.000336958086016073,-0.000461879482344948,-0.000528463160263164,-0.00125027507126785,-0.0016543383765769,-5.53502584478976e-06,0.000298248825778832,0.00025624635380988,0.00017958584947556,4.39328563750176e-05,-3.00057251575266e-06,-0.00557725469094495,0.0248360440633799,0.000422613263028333,0.0149582443242459,7.78691710173525e-05,0.000437576930460213,-0.000237795925341363
"east_of_england","alpha_D",-0.000768492779719749,0.00651512554693771,-3.67108361067633e-07,-0.000132017362271607,-8.27446845451048e-05,-7.4271905389194e-05,7.3346791038043e-05,5.28753563324442e-05,-4.33715834717597e-06,-4.3799173441047e-05,0.000115028514099866,-7.57796063717997e-06,5.86492861154545e-06,-1.09367429686136e-05,-6.07525428108663e-05,-0.000209091824696522,1.97119436565097e-05,6.34938977164028e-05,3.04916183880873e-05,3.81806172959549e-05,3.42150544812458e-05,4.7633399017979e-05,-6.22571150663915e-06,1.94401894098547e-05,6.38650585872835e-05,7.93330486679039e-05,-3.77842803121223e-05,-1.65617408291063e-05,3.41284039821904e-05,6.70995784535612e-05,3.85496517065745e-05,-6.52215116519697e-06,4.15053475434705e-05,0.000100643944978763,6.96627834762152e-05,-9.62891604575941e-05,-4.59233573341099e-05,9.39251011894436e-05,1.02150417191123e-05,-4.41349770060489e-05,0.000335913342216618,-0.00171645519637191,-0.000683751533806791,-0.000801780015062965,-0.00170817709342429,-0.00414997740532611,0.000244498564593114,0.00335772091321267,-2.10986395168005e-05,-4.08632903650517e-05,-0.000439667429816179,-0.000571542079876604,-0.000371008859146541,-0.000495622856161637,0.000580466284738329,0.000115400347545149,0.000378813457697706,-1.337576458315e-05,-8.73438498335458e-06,-1.32406748985217e-05,-5.60584132122893e-06,-2.46294477081854e-05,-7.70956764226003e-06,4.46580823337701e-06,-4.71522547899497e-06,1.80882438649714e-06,1.65328864663021e-05,0.00524404482995561,0.00296736423448641,0.00215964843089587,0.00379556848949996,0.00400791896139844,0.00136799246407136,-0.00136751671505034,-0.000794870248435736,-0.00215826186924856,-0.000574167419194988,1.25443356919825e-05,0.0221237448529896,-0.131392591590685,-0.00819171466265917,-0.0399208092183207,-0.000555197619298561,-0.00189837787161315,0.000356158830825966
"east_of_england","alpha_death_hosp",8.14010844801621e-05,-3.67108361067633e-07,0.000426714206513792,8.22424507539354e-06,4.12141345828709e-05,-4.17770434369985e-06,-1.23086310736098e-05,-6.92365293927532e-06,-6.96419549327222e-06,1.61809679315261e-05,3.85551720543256e-06,3.99576454089303e-06,4.17088961493104e-06,-5.5429726118851e-07,-6.68594128809699e-06,-0.000114388385788352,1.87084882149987e-05,1.72707098454515e-05,-2.04614077854164e-06,-1.33233178605878e-05,1.93827354067832e-05,4.41951336570555e-06,1.21984816663697e-05,1.2820624058497e-05,-1.46669016448063e-05,3.45440064624517e-05,1.69371226232078e-05,3.02526943742321e-06,1.93246060570314e-05,2.6839776725282e-08,8.99597318228376e-06,1.21453596176324e-05,-8.10302947329507e-06,3.84135876002542e-05,-1.41899787438297e-05,1.44008083655094e-05,1.29485566099997e-05,-2.73022519758023e-05,8.01531669669167e-06,1.60349599347196e-05,-0.00102464333058729,0.00105075752194156,0.000653124593638752,0.000985608080774931,7.88653924910806e-05,0.00255267871527802,-8.45140425134459e-05,-3.08140833788176e-05,-0.000160791533860961,1.86453067913027e-06,0.000171910129106155,0.000319673000481428,-0.000587741034962286,-0.00018976563308327,0.000147882611191973,-5.36777788685553e-05,0.000904819838760065,-3.76288029108124e-07,-2.65441390796515e-06,-3.14894078805208e-07,-6.80504369296431e-07,-4.6247941489098e-06,7.3946213129407e-08,-1.27833869953587e-06,-1.83850169489648e-06,-8.02970456947114e-07,-6.90126481193013e-06,-0.000509734660484227,-0.00307503936190621,-6.73185829959853e-05,-0.000370551086312963,-0.00159334360655182,0.000700709317537771,0.000725765771273518,0.00112667073067602,-0.000672329364942323,4.77412259572219e-05,2.40417634043968e-06,-0.0173115177407296,-0.00116768919133409,-0.00148346720001038,0.014772215897291,-0.0002390811742782,-0.000400801779715022,5.78414216156238e-05
"east_of_england","alpha_H",3.97858152888506e-05,-0.000132017362271607,8.22424507539354e-06,2.30092361728698e-05,2.67785279950138e-06,1.36944150685025e-06,-1.43192129531923e-06,-2.69389612587872e-06,9.15525735715017e-07,3.07672624175584e-06,-8.81334660853143e-06,9.3994882539725e-07,-1.3648726721712e-06,2.13149049905561e-06,-8.80317106813907e-07,-5.36979278092539e-07,1.0655035156038e-06,-7.98470734034981e-06,-2.89706445964166e-07,-5.02209856345169e-06,-4.25168357273437e-06,-4.96917407471309e-06,1.31018865149094e-06,-7.1464325536297e-06,-3.28036937759412e-06,-7.07738889817674e-06,-8.63486972134583e-07,-2.46903771258337e-06,-3.42213335691685e-06,-7.8349084043411e-06,-2.71982946312988e-06,-2.15994867449944e-06,-1.2033666320787e-06,-1.46590046915825e-05,-1.69582878279959e-06,3.69846031435656e-06,3.98820417026085e-07,-3.90006910797552e-06,5.24409902163554e-06,-8.92109432826114e-07,7.17789600365285e-05,0.000144152894879069,-2.36054879602974e-05,8.94163362323979e-05,0.000161991818269676,0.000131040038161135,4.49128106798633e-05,-5.99718462269955e-05,-1.28104350251485e-05,-1.06788205130058e-05,3.85235860090778e-05,2.08405619797028e-05,6.18103513022481e-05,3.21332249964419e-05,-4.69643858002447e-05,1.22185970855993e-05,-3.23171662304412e-05,6.5586243020021e-07,2.15993535597365e-07,8.95981562373812e-07,2.21476590107542e-07,2.11875290597122e-06,4.88045387067438e-07,4.71612815910534e-08,3.38627230655073e-07,-4.28511812211999e-08,-6.82003670917606e-07,-0.000295483879367815,-0.000128388161183162,-0.000181179605804284,-0.000130942568420572,-0.00026106406091673,-6.41727755229485e-05,2.65500002806303e-06,-7.21066268357555e-05,0.000149879212299252,-1.48247925659448e-05,-1.28627849974698e-06,9.02933835573196e-05,0.00959864726346471,0.00126246883208866,-0.000113208160420662,3.71912542931914e-05,0.000188669176644736,1.27473814357842e-06
"east_of_england","beta1",4.96368732622858e-05,-8.27446845451048e-05,4.12141345828709e-05,2.67785279950138e-06,2.70053961582576e-05,6.45329165520163e-06,-1.59840763250133e-05,5.06413423531346e-06,-3.48361630729637e-06,7.67269116177156e-06,-1.05595234447398e-05,2.11112440624954e-06,-2.32774116734065e-06,4.9972297402678e-06,-2.13299322885584e-06,-5.36869430137209e-05,-2.56647549852123e-07,2.13289105529905e-06,4.03579529741725e-07,-5.06598192294987e-06,-1.3923968192614e-07,1.61113436034292e-06,-2.04556110981026e-06,3.15493108956662e-06,-3.66153815018797e-06,2.55154588457058e-06,2.68885928110901e-06,1.24761424252646e-06,6.02290599817713e-07,2.89830070054804e-06,2.16633805196775e-08,-2.97674996740311e-06,1.04730801243817e-05,-2.75897943356974e-05,-2.76229759224409e-06,3.00098723514999e-06,2.71978430380298e-07,-1.8217750336679e-06,-9.81905465511475e-06,9.868757218411e-06,-0.000240104812715178,0.000193297930464473,3.9898588099245e-06,-4.63130499143859e-05,0.000181829826047436,0.000273073813593102,0.000172160736620574,-0.000110358832890446,-6.99742230815571e-05,2.05724074461917e-05,3.31736060969534e-05,6.91525948868029e-05,-2.22357363463391e-05,1.75076298112475e-05,6.65368768109254e-05,1.4616527675446e-05,-9.71251719506734e-05,6.41541404328944e-07,-2.63582426338706e-07,3.57050522889948e-07,2.29624535277292e-07,7.58368434485e-07,1.73186759011775e-07,-7.29011296858361e-07,-1.37370355860098e-07,-1.953313126511e-07,-1.00580259593591e-06,0.000374470328961279,3.36042207360577e-05,-0.000118145528889894,-0.000359581879468811,-0.000719278847598565,0.000204552232140142,7.17230349284291e-05,0.000100060100134629,-0.000235976928743104,4.56492240803714e-05,9.35250797817757e-08,-0.00210809584125867,-0.000178575419994384,-0.000863130860881531,0.00770035748755779,1.03366435071853e-05,1.73439558037838e-05,-9.55669592805208e-05
"east_of_england","beta10",1.2533592450499e-05,-7.4271905389194e-05,-4.17770434369985e-06,1.36944150685025e-06,6.45329165520163e-06,8.42618667822564e-06,-1.36561179365247e-05,4.30771812196922e-06,-2.49854260844679e-06,3.30692074225947e-06,-6.56547697611754e-06,5.95737278086368e-07,-1.84764111366139e-06,2.23191927737815e-06,1.58955231214028e-06,-1.00023075819411e-05,-3.85817123675774e-06,1.37538936922933e-06,-3.56977303456884e-06,-1.02461348076252e-06,-1.95698090961012e-06,2.56796753938489e-07,-3.35827937658606e-06,6.41032981874668e-07,-2.36722231186221e-06,-2.22804763954538e-06,7.05997105706515e-07,-1.99883260931639e-08,-2.72818955188204e-06,1.97432468129065e-06,-1.79606793425267e-06,-2.63940299156667e-06,6.53521767990743e-06,-2.04301521322571e-05,-6.5807646033752e-07,-8.8288756459425e-08,1.58083539919434e-06,-6.96415678267068e-07,-7.29286306550231e-06,3.29967262587636e-06,-9.12707819518713e-05,4.64496540507154e-05,2.59973831165058e-05,-6.01417807380206e-05,0.000113267719138688,-0.000116631966793633,7.34444193671323e-05,-8.96911040621422e-05,-4.55216912988311e-05,5.8948849293335e-06,1.23340924464748e-05,1.98869950752245e-05,5.72203526109449e-05,1.9870577271425e-05,5.44888749543585e-05,1.44901391414593e-05,-0.000116819823642369,3.89995563343776e-07,8.92004377859348e-08,2.16937506062834e-07,3.67935427394185e-08,6.20952879544026e-07,5.7315449832919e-08,-4.30393353084491e-07,2.92289446664588e-08,-1.20152778219245e-07,-1.46155556963757e-07,0.000215514067117693,-0.000143668862922595,-2.30705804293194e-05,-0.000150144515141327,-0.000204791616686369,4.47351227862767e-05,2.79924606886342e-06,-8.20181441494515e-05,-7.79734936782478e-06,3.68802949816375e-05,-3.66543284034014e-07,-0.000572748557278856,0.00186347999083541,-0.000670252079212526,0.00200456103146598,3.21162383071977e-05,5.29293467540865e-05,-6.16942021539107e-05
"east_of_england","beta11",-2.22956490307327e-05,7.3346791038043e-05,-1.23086310736098e-05,-1.43192129531923e-06,-1.59840763250133e-05,-1.36561179365247e-05,2.5835681484933e-05,-9.50268170618548e-06,5.84148742407027e-06,-7.64368839492534e-06,1.26272330473944e-05,-1.34319184767862e-06,3.61777446707428e-06,-4.79922226021912e-06,-1.24755344912697e-06,3.31107987888734e-05,6.31476925929926e-06,-4.60803041792651e-06,5.68190818055049e-06,3.56972673060879e-06,2.15494260184903e-06,-1.21863922269097e-06,5.62615896737028e-06,-2.18685439924574e-06,4.42568027404505e-06,1.55734065460834e-06,-1.76014431231081e-06,4.92750523566381e-08,3.35484493736138e-06,-4.2823494316145e-06,2.11007230405939e-06,6.00048306570799e-06,-1.47750377299302e-05,4.19472387742187e-05,1.23989820621794e-06,3.02561015461216e-07,-1.88909153017431e-06,4.44696511147956e-07,1.55879908267409e-05,-9.08884182313124e-06,0.000210441654133666,-0.000113973964637137,-4.64137685048223e-05,0.000107267397818625,-0.000209243845408575,0.000150787117272456,-0.000170964558641457,0.000126626344261794,9.62443784663839e-05,-1.58109086472457e-05,-2.45355089852533e-05,-5.84804750557798e-05,-0.000116766359478658,-2.93960489806557e-05,-0.000122593172959614,-2.84731117267238e-05,0.000196952020889545,-6.76271381240305e-07,6.01482338725202e-08,-2.4125322618785e-07,-4.66522209960437e-08,-8.22181339638479e-07,3.51703613645445e-09,9.37347708020246e-07,6.96882025607087e-08,2.63864115506902e-07,3.3758393462299e-07,-0.000517483463573298,0.000242904884445305,4.89600237915439e-05,0.00027819391749662,0.000545349515782915,-0.000155914941000909,2.30935842955263e-06,0.000106769070616887,0.000110126574593083,-7.26484391647671e-05,3.7149932897589e-07,0.00153442452919949,-0.00154252817440717,0.00118923579815875,-0.00479498074221116,-4.71685601811417e-05,-5.68344853599486e-05,0.000112917527247894
"east_of_england","beta12",-6.91621554519965e-06,5.28753563324442e-05,-6.92365293927532e-06,-2.69389612587872e-06,5.06413423531346e-06,4.30771812196922e-06,-9.50268170618548e-06,7.15635710402036e-06,-3.59893115684285e-06,3.04912646908641e-06,-5.3246654684147e-06,2.26524407658497e-07,-2.00399149647057e-06,2.4772210827256e-06,-1.1213461149484e-06,-1.51098631673217e-05,-3.65131283325065e-06,2.70809818599736e-06,-1.78865854092716e-06,-9.04719550949356e-07,-1.08995629857321e-06,1.03062802517099e-06,-2.90750959150289e-06,1.36799870919259e-07,5.82408652312167e-07,-1.39265504368352e-06,-9.58504690242756e-07,-1.95133090439849e-07,-1.96314719117984e-06,2.69476473642788e-06,-4.12449906309738e-07,-5.09818794804398e-06,9.30831222954829e-06,-2.30947934114117e-05,1.76111161142191e-06,-3.12239463540476e-06,-9.31704839671388e-07,3.47840359434114e-06,-7.66373417236069e-06,2.77953084323607e-06,-4.43933507863402e-05,-3.23376979927003e-05,-2.38378869622742e-05,-0.000102613831377504,7.84256118654243e-05,-0.000294640633702652,9.9593194225332e-05,2.80138098654746e-05,-4.39905831529801e-05,7.62816002026986e-06,-7.54517854501062e-07,-2.26628298473717e-07,9.0642826928131e-05,1.86883149116964e-05,6.05254098807821e-05,1.95551302773257e-05,-0.000158606767337223,1.19053674468633e-07,-7.16331034209374e-08,-6.56446764367666e-08,-2.34506373626872e-08,3.31961246702956e-07,-1.39702828866116e-07,-2.96295711389853e-07,3.38139404888939e-08,-4.05361531929792e-08,6.40136211912525e-07,0.00042473345177211,9.62877677243119e-05,-2.73736448978406e-05,-2.23507713445488e-05,-0.000155975562919747,8.17366224785758e-05,-7.2992739624724e-05,-0.000116264853043489,-8.22861504761773e-05,2.62911899106427e-05,-1.55105522514267e-08,0.0010455573030247,-0.00259507737175842,-0.000434047995455506,0.00109894714773205,3.25731124045286e-05,6.76927154045902e-06,-4.27205774198031e-05
"east_of_england","beta13",9.04095570189053e-07,-4.33715834717597e-06,-6.96419549327222e-06,9.15525735715017e-07,-3.48361630729637e-06,-2.49854260844679e-06,5.84148742407027e-06,-3.59893115684285e-06,2.35822393542304e-06,-2.27889611769738e-06,3.05892931996365e-06,-1.66896259052049e-07,9.5849619849463e-07,-1.18006001687294e-06,2.84767410132517e-07,8.70349306275681e-06,1.77674797216339e-06,-1.98778157088265e-06,1.35187229042511e-06,1.25343261126654e-06,5.50990696667544e-08,-4.20495191537417e-07,1.26224741761384e-06,-4.79988524859346e-07,6.71877363444615e-07,-1.64356841201377e-08,-1.07264653359707e-07,1.13542286326486e-07,6.61350064546641e-07,-1.06894709999624e-06,4.89493614044856e-08,2.56793190197305e-06,-4.64857512255342e-06,1.18996187014941e-05,-3.15031839661268e-07,1.05068796899169e-06,-1.55102724900762e-07,-7.80426345509523e-07,4.15124906217979e-06,-2.12410365607553e-06,5.27534024482132e-05,-1.44106880968052e-05,-1.19367308850651e-05,2.28680448758669e-05,-4.12620511499426e-05,7.87094001198414e-05,-4.68229140644417e-05,-3.26599534982214e-06,2.6727734256865e-05,-3.06320757696378e-06,-4.49418728628049e-06,-1.27332766003446e-05,-4.51364143843326e-05,-6.45603553643391e-06,-3.73002969518698e-05,-8.10726473726598e-06,5.45186065774235e-05,-9.5128702826263e-08,6.7490325967512e-08,2.16523619681747e-08,2.00800891655646e-08,-8.57360108838167e-08,6.07589282696452e-08,2.22510556864561e-07,2.12866422496268e-08,5.78112433430703e-08,-9.81371297757616e-08,-0.000182105692077205,6.38310559554093e-05,1.61423754345165e-05,2.30961434447833e-05,0.000139728465302399,-5.59336891335191e-05,1.84071232680924e-05,2.76648222641666e-05,5.18938066174059e-05,-1.9580544048043e-05,-8.34213316241896e-09,5.2947523655327e-05,0.000759682818251031,0.00021521422360305,-0.00103688961955033,-1.32807640488282e-05,2.30025639661035e-06,1.99000819481585e-05
"east_of_england","beta14",1.67813755591814e-05,-4.3799173441047e-05,1.61809679315261e-05,3.07672624175584e-06,7.67269116177156e-06,3.30692074225947e-06,-7.64368839492534e-06,3.04912646908641e-06,-2.27889611769738e-06,4.12695944290342e-06,-6.24614233434516e-06,7.74192685174319e-07,-1.49338673031723e-06,2.26295774068056e-06,-5.27681839662998e-07,-1.57796274527186e-05,-1.31948798115444e-06,7.32123464815845e-07,-1.19234141849406e-06,-2.40832505309047e-06,-7.50901870083296e-07,-1.64950194314583e-07,-1.14109246674299e-06,-1.70238023576629e-07,-1.62366118199945e-06,-7.49568151297477e-07,6.11820655442389e-07,-2.71681573652681e-07,-8.39816030161884e-07,3.3557257987633e-07,-5.25677506529196e-07,-2.48998659472484e-06,5.29857277028768e-06,-1.6585719975222e-05,-7.6033967063552e-07,6.72974988344589e-07,3.19286418318192e-07,-8.69951410951365e-07,-4.07014094746025e-06,3.76303692398625e-06,-7.48064124226455e-05,7.18811173374111e-05,1.3835538837651e-05,-1.21075093779528e-05,9.13477516586291e-05,1.0297516560621e-05,7.34868360766044e-05,-3.79610479516789e-05,-3.80511427939494e-05,6.61657643007821e-06,1.6946314832367e-05,2.88974587691527e-05,4.16879936666887e-05,1.0715263550927e-05,3.61214971945072e-05,9.42114431592615e-06,-6.79374892560867e-05,3.00989245663974e-07,-5.66470451990182e-08,1.9998217745859e-07,5.41910607469598e-08,4.93177369865268e-07,4.27334134832991e-08,-3.11525909792808e-07,6.04984841479872e-09,-9.20423744102925e-08,-2.72756643552099e-07,0.00017600348181911,-9.25478057017882e-05,-4.92418316021731e-05,-0.000121602435618225,-0.000284583953310522,6.80878104921035e-05,5.89829679781033e-06,-2.94645384583846e-06,-5.15252284430846e-05,2.13837445749485e-05,-1.93865368838785e-07,-0.000423653411076193,0.00113121600140016,-0.000183776125128469,0.00214613979575379,1.76584798411763e-05,3.09546300155041e-05,-3.73220406699932e-05
"east_of_england","beta15",-3.38343642447801e-05,0.000115028514099866,3.85551720543256e-06,-8.81334660853143e-06,-1.05595234447398e-05,-6.56547697611754e-06,1.26272330473944e-05,-5.3246654684147e-06,3.05892931996365e-06,-6.24614233434516e-06,1.38452873712998e-05,-1.18051990424725e-06,3.42093802824367e-06,-4.65052374586842e-06,4.03020124687755e-07,1.72024310079436e-05,4.36389840702841e-06,2.0066368944881e-06,2.24742568760723e-06,4.2208903967551e-06,4.22348437567659e-06,2.05246382732447e-06,2.85034599216665e-06,3.48478579770576e-06,2.07604951309424e-06,6.65743230164687e-06,5.32014106291285e-07,1.4945757704003e-06,4.1315109383719e-06,1.18313484523413e-06,2.70349191222958e-06,6.2078989257769e-06,-1.036687628018e-05,3.77465688974013e-05,5.41045681470964e-07,-9.41810232176255e-07,7.0262791603017e-07,-5.9674645341629e-08,7.38453666568502e-06,-5.68595032796891e-06,1.27511256447996e-05,-6.90622927261591e-05,3.32959777255053e-05,9.45261639188885e-05,-0.000214562576867838,0.00020390437765975,-0.000148281722266755,8.78534381199739e-05,5.91766709607259e-05,-1.20597815129808e-05,-2.78461560007819e-05,-2.54605312939368e-05,-0.000156240688164085,-3.82710662520165e-05,-4.39963350986657e-05,-2.48467281836311e-05,0.00022002571454038,-7.686394123673e-07,-2.11312557986149e-07,-6.29368586826194e-07,-2.3449149655076e-07,-1.89896868252895e-06,-1.58999371843938e-07,4.61102638094718e-07,-2.78149604539924e-07,1.03678936724273e-07,-1.42899185172677e-08,-0.000334684371755065,-3.73189481411988e-05,0.000131487526603062,0.000229975729568121,0.000414821820246252,-3.54641520664585e-05,6.29328397635911e-05,0.000135795886825157,-2.00701216447526e-05,-3.18930377329762e-05,8.8311279189009e-07,-0.000914793289412207,-0.00440021827687044,-0.000111206049045805,-0.00251494191629864,-6.59341416971483e-05,-0.000142448941219313,7.68923974852841e-05
"east_of_england","beta16",5.70820824384258e-06,-7.57796063717997e-06,3.99576454089303e-06,9.3994882539725e-07,2.11112440624954e-06,5.95737278086368e-07,-1.34319184767862e-06,2.26524407658497e-07,-1.66896259052049e-07,7.74192685174319e-07,-1.18051990424725e-06,2.70169097693391e-07,-2.88960182980636e-07,5.60061189142655e-07,-1.64712414905209e-07,-4.42388953569999e-06,3.33493681822278e-08,-9.3153506488721e-08,3.13622151898639e-08,-3.8660327309953e-07,-1.91626942301265e-07,2.56972754771921e-08,-1.64444715700172e-07,3.49365129565912e-08,-3.6140091898037e-07,2.23163210163703e-08,1.91144932059893e-07,-3.62581871151473e-08,-1.50926938312767e-08,1.47792128697276e-07,-1.06760029046175e-07,-1.04675657791864e-07,7.72283722069259e-07,-2.45644266434832e-06,-2.96101994792968e-07,4.12787600475404e-07,7.1132805236675e-08,-4.17443976908222e-07,-5.09205605142087e-07,7.94557030779982e-07,-2.0435854614125e-05,2.07027940139087e-05,1.0023338803314e-06,-6.87798725941932e-07,2.10525523379962e-05,2.23977549039876e-05,1.6080385649909e-05,-1.3609798093865e-05,-7.66609136746268e-06,1.67582600800798e-06,4.3973321264151e-06,6.35872246322243e-06,-2.5887518784059e-06,2.17852843146783e-06,5.23399146079349e-06,1.290771385719e-06,-9.37822186440896e-06,6.05153677335079e-08,-2.30251856831929e-08,5.20731138136085e-08,1.54520822065941e-08,9.69863625747013e-08,1.89796235782735e-08,-5.16692430956411e-08,-7.66414520660938e-09,-1.79645321020029e-08,-1.20132664245956e-07,2.62464136682792e-05,-1.13788417278422e-05,-8.82791943327899e-06,-4.04070052039402e-05,-5.99287534176404e-05,1.41764406426045e-05,8.80934882195563e-06,8.22262697617462e-06,-1.20590081708555e-05,1.26191435872181e-06,-4.89641982739412e-08,-0.000179878398567958,0.000307526662396741,-7.37034473516914e-05,0.000558920487380133,8.08798086781171e-07,7.2695283058717e-06,-9.88968171750523e-06
"east_of_england","beta17",-4.74574522859822e-06,5.86492861154545e-06,4.17088961493104e-06,-1.3648726721712e-06,-2.32774116734065e-06,-1.84764111366139e-06,3.61777446707428e-06,-2.00399149647057e-06,9.5849619849463e-07,-1.49338673031723e-06,3.42093802824367e-06,-2.88960182980636e-07,1.08978239280963e-06,-1.4030643833377e-06,3.57432094814548e-07,5.35311265560705e-06,1.47061396125747e-06,1.67385958283206e-07,6.4302000101428e-07,8.88025314017916e-07,1.14971266878983e-06,3.01193702081218e-07,1.13453544945368e-06,8.17252964927697e-07,2.82915527212371e-07,1.71193371513782e-06,4.1314589247989e-07,5.10821283235613e-07,1.28544896072676e-06,-2.53121738621699e-07,7.27369946140455e-07,1.94019711206457e-06,-3.35663967309023e-06,1.07506858543875e-05,-2.75670219438153e-07,3.58570002281697e-07,4.67499523805612e-07,-7.52581918699031e-07,2.49966619727186e-06,-1.32053085841536e-06,4.8395483632938e-06,-1.38174061731529e-06,1.36050725802743e-05,3.92146037257862e-05,-5.37760915024191e-05,0.000110831851241437,-4.51011518446215e-05,1.07769007168024e-05,1.91985452018884e-05,-3.54005194596059e-06,-4.92377388512578e-06,-3.25904437208733e-06,-4.65544092938364e-05,-1.21110416256337e-05,-1.78475597268688e-05,-8.50035337425752e-06,7.10976889613056e-05,-1.45900970381135e-07,-2.65775543045475e-08,-9.717931636675e-08,-3.35650154267522e-08,-3.9488509014501e-07,3.95004230953543e-09,1.11002897542053e-07,-5.27158410196649e-08,2.06593530185026e-08,-1.28125972225838e-07,-0.000138983824411747,-2.75095024771147e-05,2.20932274950046e-05,5.09150985356216e-05,8.37948617481051e-05,-1.48759164634075e-05,2.70325748480221e-05,5.44743217853528e-05,1.62915271013052e-06,-6.22327995253281e-06,2.06982776007774e-07,-0.00052378807412859,-0.000413728452159422,5.40981668113177e-05,-0.000448942301146956,-1.84280768402302e-05,-3.18293233201644e-05,2.17158457268541e-05
"east_of_england","beta18",1.06318692190576e-05,-1.09367429686136e-05,-5.5429726118851e-07,2.13149049905561e-06,4.9972297402678e-06,2.23191927737815e-06,-4.79922226021912e-06,2.4772210827256e-06,-1.18006001687294e-06,2.26295774068056e-06,-4.65052374586842e-06,5.60061189142655e-07,-1.4030643833377e-06,2.34317529830108e-06,-7.98204540779597e-07,-1.04629239231001e-05,-1.41526422417424e-06,-3.1489471112364e-07,-4.2407633434343e-07,-1.1501915006386e-06,-1.35513941656463e-06,-3.17915198321583e-07,-1.11535292586082e-06,-8.88974180481035e-07,-3.29697296965482e-07,-1.83178754079446e-06,-3.4684298468448e-07,-4.39793775787996e-07,-1.19076471545141e-06,4.09993837802991e-07,-7.96696183332014e-07,-2.32679262762657e-06,4.68431311078246e-06,-1.42181660880987e-05,9.43255102774072e-08,-5.1022832810425e-09,-6.7982133250911e-07,7.49253438836315e-07,-3.4579810722846e-06,2.41756529761e-06,-1.71645400537344e-05,1.82875686081857e-05,-1.80354207180671e-05,-4.68434968165112e-05,8.46793874833624e-05,-0.000104474676634018,6.94566672393186e-05,-2.52050222587302e-05,-2.71954701719247e-05,6.69989243805225e-06,1.05952059987065e-05,7.59312305357879e-06,5.18157928860933e-05,1.68552607805887e-05,2.24803406141891e-05,1.07037386383282e-05,-9.42108410700734e-05,2.30221926778945e-07,1.09945976456622e-08,1.70285832601447e-07,7.48044208802541e-08,6.12629519304959e-07,1.93640473211456e-08,-1.76516840234114e-07,6.24948208795886e-08,-3.79441065337634e-08,7.77936162640264e-08,0.000183288832938534,3.83381236116204e-05,-4.54779360471417e-05,-9.24058230820084e-05,-0.000149807543284484,2.92777551157408e-05,-2.9123736876171e-05,-5.55641424553548e-05,-1.51270211074538e-05,7.79640731195424e-06,-2.42063868039395e-07,0.00032037264711007,0.000474712836238991,-7.82199569125404e-05,0.00112573136694671,1.90857713707842e-05,4.19818043026273e-05,-3.34053898903204e-05
"east_of_england","beta19",3.88815256681584e-06,-6.07525428108663e-05,-6.68594128809699e-06,-8.80317106813907e-07,-2.13299322885584e-06,1.58955231214028e-06,-1.24755344912697e-06,-1.1213461149484e-06,2.84767410132517e-07,-5.27681839662998e-07,4.03020124687755e-07,-1.64712414905209e-07,3.57432094814548e-07,-7.98204540779597e-07,3.10897073747161e-06,1.09041741915218e-05,-1.4988943845236e-06,4.32656037887901e-07,-1.4753868387986e-06,5.35793576583098e-07,-3.03398017520752e-07,-2.94585558968821e-07,-3.17120615726983e-07,7.86041906424994e-07,-1.55036372950717e-06,-2.32309016758314e-07,8.32187200988048e-07,-1.5655898501026e-07,2.22694580878534e-08,-1.9237292934091e-07,-4.38948660498911e-07,1.1838301307296e-06,-1.18938647061066e-06,1.90002166127142e-06,-9.71539973866324e-07,1.00177777290227e-06,1.4928067057929e-06,-1.79040299352631e-06,-7.50442675229583e-07,8.35859127504108e-07,-4.35928057419753e-06,-1.18008765105796e-06,2.65211113588146e-05,4.51029934403791e-06,-2.96085329593447e-06,2.5429678861898e-05,-1.84662079735511e-05,-7.18073772397553e-05,7.82418867583065e-06,9.50648454685139e-07,-1.01979864648989e-06,4.50253904392379e-06,2.79616633558803e-05,4.83677362630943e-07,3.20149764084371e-06,-6.52352483403891e-06,3.13250535556476e-05,1.34570030844705e-07,1.96077446840567e-07,6.85406558598471e-08,3.83802468306553e-08,8.53341244108405e-08,5.16363648462382e-09,-9.01319641420717e-08,3.68365908987952e-08,-4.33380249868629e-08,-2.24592173668454e-07,-0.000119606093548503,-0.000118686672981185,2.40723153287797e-05,-3.0988407337024e-05,4.28048300379694e-05,-4.95905824420122e-05,1.09479223153283e-05,1.65125071353646e-05,6.48975395917915e-05,9.61552833066751e-06,-2.34552974820892e-07,-0.000934165808589678,0.00255155171845954,-9.92614466853695e-05,-7.6280695783841e-05,-1.24396095636239e-06,1.85126590456217e-05,-1.07628565280896e-05
"east_of_england","beta2",-5.2507024412099e-05,-0.000209091824696522,-0.000114388385788352,-5.36979278092539e-07,-5.36869430137209e-05,-1.00023075819411e-05,3.31107987888734e-05,-1.51098631673217e-05,8.70349306275681e-06,-1.57796274527186e-05,1.72024310079436e-05,-4.42388953569999e-06,5.35311265560705e-06,-1.04629239231001e-05,1.09041741915218e-05,0.000158162081518757,-1.76889503218465e-06,-9.58388806275632e-06,-2.10428883517373e-06,1.19863901276924e-05,-2.86353567264808e-06,-6.14814978197399e-06,4.78862632970368e-06,-6.94801978734093e-06,4.70604780650801e-06,-1.16034658786597e-05,-5.06860825423608e-06,-1.2016432306202e-06,-2.10805601058828e-06,-1.00655335736676e-05,-1.92891953616568e-06,7.7164261432331e-06,-2.44292930113758e-05,5.41314838349188e-05,2.42956186128596e-06,-7.27762942785731e-07,2.45525366008113e-06,-1.38172548065081e-06,1.97785719196792e-05,-1.79021913459837e-05,0.000579238684279679,-0.000393150158201019,-1.13364311959731e-05,7.14131332583819e-05,-0.000317203832541245,-0.000396243765686519,-0.000396146118945578,-4.35734751740109e-05,0.000181473062455587,-3.26890306720468e-05,-5.73831698170079e-05,-0.00013861729105527,0.000127676109220801,8.7033190615547e-06,-0.000193660986221317,-4.84049135219857e-05,0.000147944298775641,-4.3880231643337e-07,1.46540878013301e-06,2.16288897399967e-07,1.19635867375799e-08,5.43446382658045e-07,1.11007857506302e-07,1.3476489766569e-06,7.88348135816905e-07,3.62346606399638e-07,1.52820880832628e-06,-0.00119237810467654,6.44638987082079e-06,0.000134758156430662,0.000527162003797691,0.00144344989189749,-0.000627519726721535,-0.000112077067328171,-0.000154680049291842,0.000734159844365474,-7.1273855311125e-05,-1.19516958962055e-06,0.00312136067564267,0.00938413977679277,0.00244560385948919,-0.0133556306958088,1.42559385528781e-05,0.000101378705451357,0.000155612652710298
"east_of_england","beta20",4.02583540238195e-07,1.97119436565097e-05,1.87084882149987e-05,1.0655035156038e-06,-2.56647549852123e-07,-3.85817123675774e-06,6.31476925929926e-06,-3.65131283325065e-06,1.77674797216339e-06,-1.31948798115444e-06,4.36389840702841e-06,3.33493681822278e-08,1.47061396125747e-06,-1.41526422417424e-06,-1.4988943845236e-06,-1.76889503218465e-06,4.47099383209817e-06,-8.82110290133979e-07,2.45364675454091e-06,8.02682952539984e-07,1.9748901849078e-06,5.47892904984244e-07,2.45016242577788e-06,8.97127875688795e-07,7.49339971678292e-07,3.27093390083202e-06,6.35115669840365e-07,1.00951963773176e-06,2.49920950936175e-06,-7.00225980345709e-07,1.50219222664987e-06,3.32696601639904e-06,-5.52420827172988e-06,1.73360895791298e-05,-7.14253863192086e-07,1.3012129402228e-06,2.4190236219551e-07,-1.65120037663971e-06,5.50022517183084e-06,-2.11228469650412e-06,-1.3280348829999e-05,4.37139965655254e-05,1.37018860063939e-05,8.73588812537815e-05,-7.03464918778691e-05,0.000269289156259993,-5.66804429598848e-05,3.54859879999581e-05,2.42428722650529e-05,-7.88333217729598e-06,-9.82388291590869e-08,3.60196568383194e-06,-0.000120391836645291,-2.08535958264692e-05,-3.60000320060667e-05,-1.19519251775529e-05,0.000113500996564302,-2.59408034618523e-07,-1.91816742988067e-07,-9.90726832916108e-08,-6.25574243207454e-08,-6.21988353797099e-07,8.15928952670144e-08,2.19949521323276e-07,-1.24897461668376e-07,3.96520863716522e-08,-4.0631111324816e-07,-0.000211811230054712,-1.92266569952636e-05,1.27269121319979e-05,5.07061624291963e-05,4.02907365325536e-05,1.35557187473243e-05,7.04203097198419e-05,0.000119944952388837,-4.27595469858902e-05,-1.93095691240436e-05,4.11661492321724e-07,-0.000750801592883169,-0.00111815635482164,0.000106316881549907,-4.87413590035671e-05,-3.40966041026724e-05,-5.66939262000467e-05,3.62445491359906e-05
"east_of_england","beta21",-1.34954838881788e-05,6.34938977164028e-05,1.72707098454515e-05,-7.98470734034981e-06,2.13289105529905e-06,1.37538936922933e-06,-4.60803041792651e-06,2.70809818599736e-06,-1.98778157088265e-06,7.32123464815845e-07,2.0066368944881e-06,-9.3153506488721e-08,1.67385958283206e-07,-3.1489471112364e-07,4.32656037887901e-07,-9.58388806275632e-06,-8.82110290133979e-07,5.71585390495171e-06,-1.42319333193553e-06,6.20570855818427e-07,2.5630966919388e-06,2.55625586118138e-06,-8.19642130766362e-07,4.05024370642377e-06,-2.26390490839606e-07,4.63423157662932e-06,1.38726482734016e-06,1.07540671929931e-06,1.98231374725465e-06,3.92536807864051e-06,1.43511077694937e-06,1.29813969937609e-07,2.98839300407505e-06,-4.49501334377635e-08,-3.1996831053691e-08,-1.2663331801379e-06,7.99225724723854e-07,5.070023437171e-07,-4.92047030909891e-06,2.86041295666747e-06,-0.000104892763384979,2.89051867166405e-06,4.72817251118213e-05,-8.23510201330512e-06,-4.11471841253641e-05,2.70945441358751e-05,5.81456033774272e-06,1.55083905984223e-05,-1.8022804681972e-05,5.06553452436115e-06,-7.19276012742879e-06,2.03223242938961e-05,-1.02709829587321e-05,-1.6661509503203e-05,5.32964001981308e-05,-1.47524855518128e-06,3.1367824591023e-05,-1.91855377066897e-07,-2.44021295706827e-07,-4.04438119991631e-07,-1.43695693362431e-07,-1.03813855833238e-06,-2.34485096612337e-07,-2.71637996997729e-07,-2.52942014870166e-07,-8.33100982171357e-08,-4.22667517882959e-08,0.000172407318426191,-0.000132534580061382,7.07868093628468e-05,2.09559453954316e-05,-6.60417227994296e-05,8.61712752055722e-05,2.08276256581942e-05,4.97063444057855e-05,-0.000107303022026215,2.1485140186093e-05,5.7356454266823e-07,-0.00123003829437733,-0.00373487010427011,-0.000695123547006205,0.00116296348250348,-2.03762315530213e-05,-9.5739346029385e-05,-1.19850505460227e-05
"east_of_england","beta22",-1.8903397897535e-06,3.04916183880873e-05,-2.04614077854164e-06,-2.89706445964166e-07,4.03579529741725e-07,-3.56977303456884e-06,5.68190818055049e-06,-1.78865854092716e-06,1.35187229042511e-06,-1.19234141849406e-06,2.24742568760723e-06,3.13622151898639e-08,6.4302000101428e-07,-4.2407633434343e-07,-1.4753868387986e-06,-2.10428883517373e-06,2.45364675454091e-06,-1.42319333193553e-06,3.8134441059507e-06,-1.5949171497411e-07,7.35890910763343e-07,3.39641975172262e-07,1.37184582683553e-06,5.99018086425493e-08,1.43296402166951e-06,1.40376825300526e-06,-5.48593472838596e-07,3.34534450709044e-07,1.44416140031353e-06,-4.17435106128127e-07,1.04210151750718e-06,1.17597394676113e-06,-2.26149467349745e-06,8.14108988679076e-06,4.1803267602382e-07,1.40692413666155e-08,-8.99775934409823e-07,5.44780843181215e-07,3.32628893495152e-06,-1.45185473277983e-06,3.09678423030698e-05,-1.60679913391891e-05,-4.0590474712909e-05,7.58030695300844e-06,-5.01654422965625e-05,7.81792203226119e-05,-1.33421021704134e-05,4.33439158642872e-05,2.04038707185227e-05,-4.36594527897125e-06,-8.47583618083425e-06,-1.21552757912641e-05,-5.69050857016635e-05,-1.22940292276705e-05,-2.97502141477516e-05,-5.5428772409334e-06,4.25318537304422e-05,-1.64787148517522e-07,-6.28739435411338e-08,-6.94742745179665e-08,1.32072726228038e-08,-2.41879277331081e-07,1.51488530708213e-08,2.26207736256621e-07,-2.25063756718185e-08,7.96854626477285e-08,4.02418384083478e-08,-5.34300309837519e-05,0.000224947326119706,2.49727013602363e-06,3.26861259275958e-05,5.24955111000345e-05,-1.34154126840401e-07,8.75073378111179e-06,5.67996453376606e-05,-3.83821554920876e-05,-1.84783036733091e-05,2.27544728820132e-07,0.000375418322196266,-0.00165672497231479,0.00018225346448611,-0.000158398687897379,-1.43612450132844e-05,-2.76282395788999e-05,1.95981625826891e-05
"east_of_england","beta23",-1.12965701183639e-05,3.81806172959549e-05,-1.33233178605878e-05,-5.02209856345169e-06,-5.06598192294987e-06,-1.02461348076252e-06,3.56972673060879e-06,-9.04719550949356e-07,1.25343261126654e-06,-2.40832505309047e-06,4.2208903967551e-06,-3.8660327309953e-07,8.88025314017916e-07,-1.1501915006386e-06,5.35793576583098e-07,1.19863901276924e-05,8.02682952539984e-07,6.20570855818427e-07,-1.5949171497411e-07,5.60225522413504e-06,3.63651791618048e-07,1.63979738259124e-06,3.86968636538349e-07,1.2740456003181e-06,3.10477830220674e-06,8.64302172079042e-07,-4.94723054528452e-07,1.49025899248978e-06,1.20935332007904e-06,2.34876731968068e-06,7.32514386844916e-07,2.68629421325265e-06,-2.2423051756035e-06,1.15441564496828e-05,8.64218947006683e-07,-9.37122501129904e-07,-1.79739155584098e-07,9.90182884354493e-07,1.2819015740591e-06,-2.01858880141396e-06,2.83655532857647e-05,-7.78031576506667e-05,-8.01461553490189e-06,-2.6247926488069e-05,-5.64023094594489e-05,-7.52970867479561e-05,-4.03519910723785e-05,4.89969705512975e-06,2.0227660593133e-05,-1.20582317163629e-07,-1.46896433100264e-05,-2.97662033176056e-05,-5.92820908767838e-05,-5.10696333212826e-06,-1.41340087155705e-05,-7.22158553431727e-06,-1.23671157716647e-05,-2.74171935113722e-07,1.97857357975283e-08,-1.76324698480327e-07,-7.35022813612487e-08,-4.16516186873002e-07,-7.09326428949854e-08,1.77656543778405e-07,8.6537329432744e-09,7.15357586092033e-08,3.82822992344544e-07,-7.65048740806792e-06,0.000112941215312925,4.93731021867987e-05,7.24860218419549e-05,0.000245648269005985,-4.23564450965399e-05,1.06715479119574e-05,1.32434804723246e-06,2.79970215012589e-05,-1.34162907775302e-05,2.73955315035934e-07,0.000344997133573616,-0.00267653934976008,-0.000382353341547116,-0.00130984403340815,-1.3307246049053e-05,-5.16307263712206e-05,4.46022763154394e-07
"east_of_england","beta24",-9.20010888646533e-06,3.42150544812458e-05,1.93827354067832e-05,-4.25168357273437e-06,-1.3923968192614e-07,-1.95698090961012e-06,2.15494260184903e-06,-1.08995629857321e-06,5.50990696667544e-08,-7.50901870083296e-07,4.22348437567659e-06,-1.91626942301265e-07,1.14971266878983e-06,-1.35513941656463e-06,-3.03398017520752e-07,-2.86353567264808e-06,1.9748901849078e-06,2.5630966919388e-06,7.35890910763343e-07,3.63651791618048e-07,2.81565966769207e-06,1.35540517157073e-06,1.21125967731024e-06,2.62549169544137e-06,1.04346888708394e-07,4.37543521657949e-06,1.16896926397601e-06,1.02686680875411e-06,2.53480231815442e-06,1.26522115209507e-06,1.61711402068551e-06,2.06565160204171e-06,-2.33275761510862e-06,1.16856507646481e-05,-4.95132166830861e-07,1.32019480426698e-07,7.0784982350789e-07,-7.98147561052206e-07,9.72585010803415e-07,-9.93250409800089e-09,-5.39581254762031e-05,2.10652928322347e-05,3.74770536846212e-05,5.28619903391381e-05,-7.55024646345151e-05,0.000180809908688985,-4.50095800765697e-05,3.02726034280311e-05,9.81341740561182e-06,-2.47570357955599e-06,-5.07823478500213e-06,1.26627850848143e-05,-6.96322642909025e-05,-2.29149242393776e-05,3.80806251552504e-06,-9.82883243342333e-06,0.000101898524535538,-2.58383560020232e-07,-2.06562063792549e-07,-2.88136495935762e-07,-1.08792888692884e-07,-9.66151660764067e-07,-8.55683704591571e-08,5.88960317697085e-09,-2.08641814231796e-07,-2.02852445648787e-08,-2.61756884302664e-07,-6.95910764997345e-05,-0.000100501618357095,5.12395284294919e-05,5.1257275205637e-05,1.23855728120292e-05,4.28147210914315e-05,4.96069381121187e-05,0.000102341964637992,-7.12925977760209e-05,1.49012960321604e-06,5.56017931063737e-07,-0.00112567433549543,-0.00243619547039054,-0.000197263005292819,0.00037681574419045,-3.15348633643394e-05,-8.41313420546578e-05,2.27405572356402e-05
