"region","name","alpha_admission","alpha_D","alpha_death_hosp","alpha_H","beta1","beta10","beta11","beta12","beta13","beta14","beta15","beta16","beta17","beta18","beta19","beta2","beta20","beta21","beta22","beta23","beta24","beta25","beta26","beta27","beta28","beta29","beta3","beta30","beta31","beta32","beta33","beta34","beta35","beta36","beta4","beta5","beta6","beta7","beta8","beta9","mu_D","mu_D_2","mu_D_3","mu_D_4","mu_D_5","mu_gamma_H","mu_gamma_H_2","mu_gamma_H_3","mu_gamma_H_4","p_G_D","p_G_D_2","p_H","p_H_2","p_H_D","p_ICU","p_ICU_2","p_ICU_D","p_NC_15_24","p_NC_25_49","p_NC_50_64","p_NC_65_79","p_NC_80_plus","p_NC_weekend_15_24","p_NC_weekend_25_49","p_NC_weekend_50_64","p_NC_weekend_65_79","p_NC_weekend_80_plus","p_W_D","rel_p_D_alpha","rel_p_D_delta","rel_p_D_omicron","rel_p_H_alpha","rel_p_H_delta","rel_p_H_omicron","rel_p_ICU_alpha","rel_p_ICU_delta","rel_p_ICU_omicron","rho_pillar2_tests","seed_date_alpha","seed_date_delta","seed_date_omicron","start_date","ta_alpha","ta_delta","ta_omicron"
"east_of_england","alpha_admission",0.000630577398559245,0.000776725440525574,-0.000220760465635005,6.38404377419435e-05,-8.42069985410128e-05,-1.2110046194801e-05,2.41135684421113e-05,-5.74457336253485e-05,4.37742939664123e-05,-1.70229469187924e-05,-1.05510416341939e-05,1.04224149498758e-06,8.91870467617176e-07,-1.77634494368068e-05,1.10108307332699e-05,0.000150422709616152,8.8204737340692e-06,-3.59361430148731e-05,-1.29166865685579e-05,2.98988017864998e-05,-2.17991305592961e-05,5.67350603412899e-06,-2.16501409106564e-06,-1.09838357646775e-05,1.30045005874936e-05,-2.51759861561901e-05,1.53056203100017e-05,1.18437806019176e-05,-1.46117489242291e-05,2.05500418062696e-05,-1.65892629568485e-05,2.41137695970415e-05,-1.28163644225184e-05,-3.53393641602323e-05,-2.70358572282868e-05,5.30440418129586e-05,-8.19207590839499e-05,3.97390846046871e-05,9.38768047445895e-06,-7.28443392051063e-06,0.000518784698987012,-0.000834231592935034,-0.00061292011006999,0.000266662449018857,6.45518558650387e-05,0.000120810007795767,0.000194828985295972,-0.000956919664554762,0.000316283550641956,0.000321308981557533,2.9098073538801e-05,0.000593042207493563,0.000667630566353778,0.000972014661119542,-0.000409411935554862,-8.23777405396484e-05,-0.00114816317520707,2.38849808475223e-06,-9.44640090493588e-08,1.29626019030045e-06,2.48963779985743e-07,-1.03265292852183e-06,8.82359891351135e-07,-3.19735882696434e-07,2.43002302125051e-06,-4.44577114041385e-07,-2.22012544564474e-06,-0.00161615387148579,0.00140550239036499,8.05183983455687e-05,-0.00105020801102096,-0.00266993432261432,-0.000788923573325613,0.000309057585490891,0.000388126393454838,0.000752041059601637,-0.000298592404902903,-4.42306423494992e-06,0.00834154186119817,0.0087249886634257,0.00104852371189023,-0.0180960817234741,7.18724223683661e-05,0.000328781831918008,-0.000183940353001805
"east_of_england","alpha_D",0.000776725440525574,0.0232086150850868,-1.9881783237931e-05,-9.17175492979321e-05,-0.000145399892174433,-0.000310835470010375,0.000325278236191575,-0.000163171628910258,0.000205072492452822,-0.000255875280846552,0.000316625331528236,-3.89720196381311e-05,6.21815988071645e-05,-0.000168270644830359,7.2737653118436e-05,-0.000325154716442314,0.000106588102957754,3.25876707703012e-05,4.30246397604679e-05,0.000297081202319336,-6.01018824691268e-05,0.000178731021649576,4.26743313030738e-05,6.12766690141719e-05,0.000110452476570993,0.000302378195291941,7.41195061586711e-05,-8.95265853170927e-05,0.000262628810022159,0.000207308912888338,0.000119161331070571,0.000377068231178337,2.89257976072388e-06,0.000502501791199636,-1.20054689619906e-05,5.41317284709645e-05,-0.000329239180903502,0.000211770294482548,-0.000126515441896123,0.000333388101652468,0.00340906820894159,-0.000636059804000186,-0.00227513080369713,0.00179266509934062,0.00290708224612144,0.000265129115714523,0.00659734379050296,0.000332750043066332,0.00166002496676307,0.000237746174743574,-0.000535767592435829,0.0010351308729511,0.00288532148154406,-0.00176464398344644,0.00101019939850521,-0.000215237703442032,0.000478449042330057,-4.76652701293848e-06,1.80648374025849e-06,-7.90694520505152e-06,-6.6082951237921e-06,-3.59268826651276e-05,-5.98230837950395e-06,-1.46406399569356e-07,1.72602350306535e-06,4.49016997444794e-06,-5.41515391663585e-06,0.00601345318425543,0.00121618547488344,-0.00010418715356447,0.00210389553926717,-0.0075860124787031,-0.00109338081591441,-0.00249607221312825,0.00289819415154364,-0.00142939572894976,-0.00125688670994032,-2.39180993566607e-05,0.0418896716014893,-0.0423760138093657,-0.0881315535767983,-0.0371358230426263,-0.000789477134642218,-0.00361916292210416,-0.0044997195740176
"east_of_england","alpha_death_hosp",-0.000220760465635005,-1.9881783237931e-05,0.00147778674029422,0.000140104185019273,3.41194776571494e-05,0.000102348273164507,-0.00011731084851046,5.79928737382717e-05,-8.57287114866474e-05,7.23628606633288e-05,-5.49867750393338e-05,-1.77119139715823e-06,-7.66974244697327e-06,4.19254289282417e-05,-6.39963429857992e-05,0.000367511233184778,-1.34361334884338e-05,1.86779407960161e-05,-6.65266651206634e-05,-1.30241873112531e-05,-4.80128560241728e-06,-4.51699684652281e-05,2.29388424196973e-05,-6.23233018040638e-05,-7.68309897015418e-05,-3.00734636448771e-05,-5.93386076927469e-05,-1.11454995081622e-05,-5.85027933183453e-05,-3.52354341423807e-05,4.74703527337829e-06,-0.000126587919310956,9.14644434290959e-05,-0.000256246017323868,4.50389279998279e-05,-6.49067901945215e-05,5.96086645693437e-05,4.08248812575421e-05,-2.78437673455465e-05,-0.000103300552056856,-0.00261354343979879,-0.000184422987125589,0.00103203454235866,0.000758273254481852,-0.00143862517907714,-0.000726899837737825,-0.00119128397797495,0.00125669402216798,-0.000594609181711091,0.00027703517482135,-7.8056830348007e-06,-0.000679857813156436,-0.00373028080512515,-0.000193013388318848,0.000109810961912402,9.81722419730368e-06,-0.00141673088399914,-4.39645423218813e-06,-1.51642514502121e-05,-6.5547382323261e-07,-8.9471296477108e-07,1.73442858088163e-05,-1.73978323064322e-06,6.71379676264284e-08,-3.77511388340041e-06,-1.17888588010536e-06,-5.29946149741574e-06,0.0013349199718076,-0.00161420596779843,0.000582699679702096,0.000759781778166481,0.00373079931555773,0.00114603086532432,0.00183012425952047,9.9426464362862e-05,0.000622412829898293,0.000409817518827846,6.08079503306464e-06,-0.0436873628697374,-0.0116332816827443,0.00487220487472254,0.0133368089960209,0.000220588901192512,0.000633720428070927,0.000363004139140339
"east_of_england","alpha_H",6.38404377419435e-05,-9.17175492979321e-05,0.000140104185019273,5.60491474805124e-05,-2.40666436924391e-05,1.81183666619211e-05,-1.75610651312358e-05,-3.15924799594342e-06,-4.54791362068498e-06,9.28278347787137e-06,-1.82629608691789e-05,-2.08489633551662e-07,-2.64639992499839e-06,3.95865895610065e-06,-9.58473972846784e-06,9.74845584297146e-05,-2.0359098096728e-06,-9.72772426089016e-06,-1.38305265693409e-05,-1.92820030123222e-06,-7.42966175151334e-06,-1.17278241064474e-05,3.55539426110006e-06,-1.98980938602058e-05,-9.85433961879289e-06,-1.99124694609376e-05,-9.0650556532485e-06,-8.30198092755194e-07,-1.88090781915756e-05,-9.03635037912329e-06,-6.19153254490348e-06,-2.18823355781218e-05,1.06045979789429e-05,-6.35499030747768e-05,2.27145350565416e-06,-2.72787677156934e-07,-5.1244925456064e-06,1.35755599108914e-05,9.33715242300547e-07,-2.42214294806326e-05,-0.000153158065357606,-0.000197231135195417,-5.47614337420066e-05,0.000101133580772423,-0.000225473597245524,-0.000259740748042845,-0.000242597846047203,5.33082040966908e-05,-1.50559860395449e-06,7.88673470958373e-05,-1.00675960071475e-05,4.35877291215569e-06,-0.000344618335905773,0.000180911802409883,-0.000121399512321869,5.9207398610189e-06,-0.000528936520819618,2.00166536987821e-07,-2.30145731712581e-06,3.61193684199538e-07,-1.00181535730261e-07,3.82149162383307e-06,4.24876022493624e-08,-2.84790571609334e-08,1.30492988898106e-07,-3.81068857819902e-07,-6.65040760763413e-07,-0.000309085018024492,0.00038775108468566,9.87469941503654e-05,-3.57792935966995e-05,0.000159071199329193,-8.07157695987609e-05,0.000260989112605803,-0.000181526806772177,0.000452629673196581,1.44437050665096e-05,-5.03030954919803e-07,-0.00364358385852504,0.00491069117669837,0.00344245005341818,-0.00692856200391468,0.000101392926475747,0.000302550511890395,0.000118456656430475
"east_of_england","beta1",-8.42069985410128e-05,-0.000145399892174433,3.41194776571494e-05,-2.40666436924391e-05,8.74638013931194e-05,8.1085470028719e-06,-1.93558878836381e-05,2.73840038194149e-05,-1.49086579296055e-05,9.71192094970031e-06,2.42611596782568e-06,4.37822782025222e-06,-1.12740955192397e-06,1.22512045769736e-05,-3.54738599509254e-06,-0.000139353357954492,-1.46794407681719e-06,6.49704250979512e-06,2.32438626710851e-05,-1.60884979030872e-05,4.76824829519874e-06,5.28776406812145e-06,-6.02687920589645e-06,1.61744798613972e-05,-9.00215635855341e-06,2.06348937238642e-05,-3.70382720860124e-06,-1.03632294838334e-06,8.77606291199369e-06,-8.22622627867742e-08,3.10995851645236e-06,7.35912049699717e-06,-2.1725956960516e-06,3.3209718314245e-05,8.0598552821085e-06,-1.62853332493304e-05,3.55252622762914e-05,-2.92739131470071e-05,1.76288383101342e-05,-4.33239612533984e-06,-0.000576776702684006,0.000490843233065778,-1.88408518279859e-05,-0.000134584207573123,0.000185137729392625,0.000766868679082438,0.000225554703176077,1.69191766984844e-05,-0.000237906835999534,-0.000100979503701722,4.54343259389043e-05,-0.00020113600658106,-0.000302340688133397,-0.000155168302171903,0.000159948549418599,1.97059886127993e-05,0.00057922497001714,-7.22804455376086e-07,5.36451857315646e-07,6.33566004292049e-07,4.15502055610196e-07,1.45051305545761e-07,2.51711311329516e-07,3.66317991599618e-07,-5.96921604338547e-07,3.02825591839633e-07,-9.34018484343437e-07,0.000447084708217701,0.000413774252843881,-0.000300597321375509,-0.000296771116921428,0.000300485694061539,0.000457786172831976,1.98600431371285e-05,0.000377346161068872,-0.000729248713925917,-4.80160232310474e-05,-1.79279852119207e-09,-0.00247759717685935,-0.0110696752546999,-0.00269676068940922,0.0227493993207076,-8.07347069000154e-05,-6.71331057545338e-05,-9.00013396395205e-05
"east_of_england","beta10",-1.2110046194801e-05,-0.000310835470010375,0.000102348273164507,1.81183666619211e-05,8.1085470028719e-06,2.58089058097766e-05,-3.04378762340303e-05,1.09384644750023e-05,-1.14131376483202e-05,1.1611723387854e-05,-1.45895300649967e-05,1.08161849158299e-06,-3.48808643687076e-06,8.2528191404594e-06,-6.34711791399391e-06,4.43849749541187e-05,-7.96654199026321e-06,4.14998704952000e-09,-8.85397887244912e-06,-5.74132634466214e-06,-3.19965248609804e-06,-6.31433164888957e-06,-4.5110233353153e-06,-5.9524549579942e-06,-1.11974758400996e-05,-1.14563781923432e-05,-7.6137448512287e-06,1.15538601662328e-07,-1.50537432596778e-05,-2.69118119454374e-06,-5.3498914854121e-06,-1.91428898312068e-05,1.30990890585876e-05,-4.87573510448283e-05,4.76535775937216e-06,-7.71210829726015e-06,1.04521452298092e-05,1.90537537260089e-06,-2.11732982348773e-06,-2.09283804996971e-05,-0.000362295650651321,-8.56945226279944e-05,5.51329707971767e-05,-9.20529434747771e-05,-0.000168263997644827,-0.000270512414105678,-0.000176019084619862,1.42634504981919e-05,-0.000121878150158105,4.94143131049333e-05,1.51713429357381e-06,-8.00980081581521e-05,-0.00033562415285526,8.73860837592246e-05,1.84909267231245e-05,2.33874309817439e-05,-0.000309145725505905,-2.13435498669281e-07,-1.43403495690808e-06,1.68675134392434e-07,4.57587622558336e-08,2.61877552042877e-06,-6.81310837125154e-08,-1.96460932014502e-07,-3.90807451727108e-07,-2.86616160352418e-07,-3.62954804711186e-07,0.000189006523219038,0.000153516688103954,0.000112031330441219,-0.000141625600559833,0.000465633721051625,0.000108941660158223,0.000184883124596416,-0.000184575503853045,0.000150876349952837,3.59642716112541e-05,3.4555125198928e-07,-0.00397794889877028,-0.0020123539403895,0.0013864781220649,0.00272827594942277,6.65491146234353e-05,0.000201463938105939,5.46828160475279e-05
"east_of_england","beta11",2.41135684421113e-05,0.000325278236191575,-0.00011731084851046,-1.75610651312358e-05,-1.93558878836381e-05,-3.04378762340303e-05,4.54148450523896e-05,-2.25433080042214e-05,1.88942072908742e-05,-2.14776008025847e-05,2.33636678985388e-05,-3.19249898078268e-06,6.09344541532778e-06,-1.279439568442e-05,7.85741158083261e-06,1.18031372432933e-05,1.41918579782036e-05,-4.29608568822759e-06,8.49107714533911e-06,1.17795184833637e-05,3.01257013787359e-06,6.3477428197245e-06,7.90997878143917e-06,6.49593437717431e-06,1.34013419749751e-05,1.01732641653596e-05,6.94075278660167e-06,1.6087687310304e-06,1.83768539556211e-05,2.51292596362601e-06,5.84454101696529e-06,2.64120674032814e-05,-2.10975706095406e-05,7.3158321544227e-05,-5.75595935552489e-06,1.01629678562259e-05,-1.17667320640691e-05,7.25695541857185e-07,-2.96088777282171e-06,2.52048989418742e-05,0.000693855256348469,8.05547391160156e-05,-4.28245337753546e-05,0.00016341548838073,0.000101140614223069,0.000412798684652722,0.000115541868178862,1.51218307897653e-06,0.000220744006235634,-6.36331204569839e-05,-1.75321313245372e-05,7.41114265039181e-05,0.00032408246114827,-0.000160314227365303,-9.98502026417014e-05,-2.97898682575607e-05,0.000303713295843829,3.84563281562502e-07,2.08517009936787e-06,1.05994815192488e-07,3.58875977343472e-08,-1.90072333929858e-06,5.2945094559354e-07,3.88243801294031e-07,4.70207696633489e-07,5.10958162245035e-07,3.05489416077079e-07,-0.00030902817239497,-0.00018756536859436,-0.000140446197091779,0.000271449519195827,-0.000264820199471847,-0.000292103995170879,-0.000164099770254531,6.2410005305995e-05,6.87789854628681e-05,-7.45907355086975e-06,-4.9043858283345e-07,0.00505972564128283,0.00773984708602757,-0.001685966800578,-0.00408096687877784,-5.78601582119274e-05,-0.000244759996585634,-6.552782838996e-05
"east_of_england","beta12",-5.74457336253485e-05,-0.000163171628910258,5.79928737382717e-05,-3.15924799594342e-06,2.73840038194149e-05,1.09384644750023e-05,-2.25433080042214e-05,2.28206428319074e-05,-1.6154507054238e-05,1.59584153484807e-05,-1.22469046364414e-05,2.78415471990018e-06,-3.61826024185802e-06,9.74830069739576e-06,-5.1092510043682e-06,-5.95031914319399e-05,-9.24320438607171e-06,5.91228575457251e-06,7.61136083528721e-07,-1.01137584098e-05,4.86615968796113e-07,-2.62775662165162e-06,-4.05314790298731e-06,-2.16103157334244e-06,-5.78284511101256e-06,1.1814247342685e-07,-4.40114010710175e-06,-2.58500902715321e-06,-6.57942672457508e-06,-3.13359362816129e-06,-6.37529811279644e-07,-1.42758607242302e-05,1.18400001859591e-05,-3.28150533038617e-05,6.40348109665031e-06,-1.08029139288083e-05,1.21665790457273e-05,-6.23030828864037e-06,1.01594610617063e-05,-1.44483815631072e-05,-0.000516409825761713,3.39772223823901e-05,4.61358304535203e-05,-0.000103695436980972,5.15636344051932e-05,-0.00020814049763041,2.93246862171665e-06,7.65170695211456e-05,-0.00017668230490231,-4.34848056775062e-06,2.84864004547636e-05,-0.000107864279856384,-0.000160586547388809,5.56570155762093e-05,0.000110547312719999,1.11618515538721e-05,3.14795236145151e-05,-5.69258848662095e-07,-9.30513714100318e-07,-1.22771447353543e-07,2.57762903627448e-08,4.68901198731853e-07,-4.86006660466113e-07,1.03899038024532e-07,-1.77695131356005e-07,-1.22248769449486e-07,3.7211764025114e-07,0.000270064008385617,-1.17234948108171e-05,-8.47587199212025e-06,-0.000104916993831957,0.000207318390190092,0.000299416177834228,-1.43371332892668e-06,0.000168564763895939,-0.000334960276894894,-1.76380978144838e-05,5.16061585641397e-07,-0.00192360415563772,-0.00853531223093429,0.000599699806987049,0.00534411093203071,4.59405751649122e-06,0.000101903018424741,3.60598033469823e-05
"east_of_england","beta13",4.37742939664123e-05,0.000205072492452822,-8.57287114866474e-05,-4.54791362068498e-06,-1.49086579296055e-05,-1.14131376483202e-05,1.88942072908742e-05,-1.6154507054238e-05,1.38013884047934e-05,-1.39072679691954e-05,1.15922612253005e-05,-1.75048147476468e-06,2.85668681788385e-06,-7.96175634290791e-06,5.45734874634584e-06,1.55763094954312e-05,7.14156160643471e-06,-3.94481268111819e-06,3.25995629651987e-06,7.85657328297862e-06,-1.88160400522539e-07,4.6904802166982e-06,1.65662325114591e-06,4.78480045835779e-06,6.8002485887878e-06,3.51468908712768e-06,5.08202683604056e-06,1.89556140246873e-06,7.95487023897946e-06,4.53255515008742e-06,1.11257757438481e-06,1.55395620705215e-05,-1.06699571688196e-05,3.41094690534516e-05,-5.29445199669797e-06,8.52826596798866e-06,-9.7993040615239e-06,2.51090468449027e-06,-6.07978202276668e-06,1.46149751330126e-05,0.000408076620957579,9.71445337862557e-06,-7.63819198096582e-05,4.45314915660559e-05,4.46148829465091e-05,0.000196497918140014,8.83845216584166e-05,-8.38075161359328e-05,0.000130694638728691,-1.12600928351704e-05,-1.87258329756274e-05,8.65994738360536e-05,0.00022328326480856,-4.73607271349067e-05,-6.3431613704787e-05,-5.30777278770821e-06,5.09397671694454e-05,4.58328574643805e-07,1.12958824017954e-06,8.46739127712512e-08,-5.74995117825529e-09,-1.04256507064328e-06,3.82161745839625e-07,-6.42338883969151e-08,2.2217948954564e-07,1.60149378217156e-07,-1.22513619880769e-07,-0.000159248374897403,8.63360231412229e-05,-4.26702977920011e-05,4.7643196883132e-05,-0.000286042449248005,-0.000208106334804685,-6.78324355290742e-05,-9.93048953129139e-05,0.000146084671709273,-7.93237737053872e-06,-6.34299557593859e-07,0.00284582195221439,0.00485834145219136,-0.00120480011519392,-0.00293328779920022,-1.72796700832082e-05,-0.000115709849636912,-6.33347824969959e-05
"east_of_england","beta14",-1.70229469187924e-05,-0.000255875280846552,7.23628606633288e-05,9.28278347787137e-06,9.71192094970031e-06,1.1611723387854e-05,-2.14776008025847e-05,1.59584153484807e-05,-1.39072679691954e-05,1.78633184393957e-05,-1.70190180065941e-05,2.77301720050269e-06,-4.03873404041826e-06,8.53519009543918e-06,-5.16961603747886e-06,-2.48067941094886e-05,-9.13968441931979e-06,2.93843362957883e-06,-4.30579070549677e-06,-9.47221335629347e-06,-5.3848791056562e-07,-5.73989566783215e-06,-2.62648244725495e-06,-6.64895395815925e-06,-6.57557592826633e-06,-6.35889492673223e-06,-3.76171854131434e-06,-2.2221065592674e-06,-1.06812594413894e-05,-5.09511693695035e-06,-2.61149642737979e-06,-1.7885472979839e-05,1.15214778126759e-05,-4.49974826994155e-05,3.42105977908178e-06,-5.27745685568724e-06,5.47807935306176e-06,-2.49065451546416e-06,1.09341210368552e-05,-1.77837565991905e-05,-0.00046475550678985,-6.30170225006317e-05,3.32848879338664e-05,-6.80940019809365e-05,-5.17706321422227e-05,-0.000267479649075549,-0.00010354271867548,2.77906868320875e-05,-0.000138171709634568,3.37647661961139e-05,2.50063722818723e-05,-4.00137673809092e-05,-0.000162533697019804,0.000132166344886768,5.86911970864546e-05,1.1320025851273e-07,-0.000108221341550427,-3.60733854022878e-07,-1.31707267655794e-06,-1.40305471945722e-07,-2.79020381804298e-08,6.05597493399695e-07,-5.6201098579648e-07,2.39259053708515e-08,-1.1347114182193e-07,-3.06128321849629e-07,1.07163817451531e-07,5.18279501468026e-05,2.14662381631423e-05,0.00010513926543575,-0.000150053022910181,8.58041279343799e-05,0.000200844229998243,6.76369602887019e-05,0.000159652625223842,-0.000136624058434549,-2.31285564046841e-05,5.63077106230236e-07,-0.00253596931908368,-0.00523359088473236,0.00205992686205153,0.00092684429771326,1.64363847029432e-05,0.000167052521673126,9.1300223401832e-05
"east_of_england","beta15",-1.05510416341939e-05,0.000316625331528236,-5.49867750393338e-05,-1.82629608691789e-05,2.42611596782568e-06,-1.45895300649967e-05,2.33636678985388e-05,-1.22469046364414e-05,1.15922612253005e-05,-1.70190180065941e-05,2.23598627597209e-05,-2.2286142581136e-06,5.09812282080985e-06,-8.10604890191699e-06,6.11508076824938e-06,1.31980964429592e-06,1.08868212012778e-05,1.26727321687702e-07,8.79127925247668e-06,8.76844379447406e-06,3.38062815960857e-06,7.90023894259017e-06,3.44490031455706e-06,1.10334858171296e-05,6.82600029743385e-06,1.38721583582136e-05,4.18354016247286e-06,1.86109106836194e-06,1.62962523859081e-05,5.12568511387795e-06,4.69516220048355e-06,2.35486095541631e-05,-1.56390593269955e-05,6.69145544025986e-05,-2.25456102299187e-06,2.54460806302567e-06,2.14990414828448e-06,-5.53674515868734e-06,-5.1370433663912e-06,1.89887553141143e-05,0.000404081484064975,0.000191756460000897,1.60015046955002e-05,0.000120435831341639,7.53963869375275e-05,0.000500728950146284,0.000115289419347932,-3.93660748948684e-06,0.000112337894122987,-6.57589150230145e-05,-1.41437874505738e-05,6.38520681031771e-06,9.75299887279863e-05,-0.000207309063087831,-1.57038718065498e-05,-7.29955113781627e-06,0.000314852540457148,3.84058874825636e-08,1.56848377532417e-06,1.49724401798679e-07,-3.59817746830266e-08,-1.39921435770372e-06,5.38373767611612e-07,1.82303105433542e-07,-1.06728494610369e-07,4.10571503310485e-07,-2.90895624830434e-07,-4.01786808015073e-05,-0.000218868597338356,-0.00012982884589945,0.000186310784086692,3.79803459221116e-05,-0.000124020601453121,-6.13674486102268e-05,-1.90929848393117e-05,5.87906206293364e-06,1.23850616644058e-05,-3.53876946415129e-07,0.00130967391687246,0.00355544401397792,-0.00279209544222251,0.00244910388282065,-6.61980502335463e-05,-0.000246636984700891,-9.48241263785456e-05
"east_of_england","beta16",1.04224149498758e-06,-3.89720196381311e-05,-1.77119139715823e-06,-2.08489633551662e-07,4.37822782025222e-06,1.08161849158299e-06,-3.19249898078268e-06,2.78415471990018e-06,-1.75048147476468e-06,2.77301720050269e-06,-2.2286142581136e-06,8.41395397688879e-07,-6.52153647111116e-07,1.42570117325164e-06,-1.44979557645719e-07,-1.48616651262012e-05,-1.34113903746629e-06,3.38823868904191e-07,1.22013991466596e-06,-2.10906072858656e-06,8.94437298711779e-08,-1.40282540230702e-07,-9.6869758328192e-07,1.71019912157254e-07,-5.80165590438226e-07,2.53991641500894e-07,8.58830483091769e-08,-3.79304274812808e-07,-7.44774345233983e-07,-4.40265539687333e-07,-4.84664170464915e-07,-1.00960192758506e-06,4.79543160593193e-07,-2.89746670421871e-06,1.37679762663955e-07,-3.73405152578168e-07,1.46559184405486e-06,-2.49621479047549e-06,3.93067097674069e-06,-2.47235648760619e-06,-8.21563134780042e-05,1.38768208591371e-05,-1.20378381064045e-05,-1.75954428042064e-05,1.27332574185639e-05,1.28020162995099e-05,1.90116953035303e-06,-1.80813412129072e-05,-2.67799135588143e-05,5.97343220055817e-07,7.32273425574504e-06,-2.72716857582189e-06,-1.42234963051691e-06,2.46766580205319e-05,1.51765359129295e-05,-6.0621454429882e-07,2.49514537801589e-05,-5.42728448253563e-08,-6.71490468640033e-08,8.99931628891886e-09,5.95945295342819e-10,-1.95046336695771e-07,-8.44916581081811e-08,3.58069675122701e-08,-8.4762024329928e-09,-3.77443499484582e-08,-2.86540804563402e-08,-1.7490939811173e-05,4.1401557641698e-05,8.30879593370029e-06,-5.89336198212642e-05,-2.69910150675166e-05,3.93153373363782e-05,-8.9516901329482e-07,5.61992014446909e-05,-5.60317897403944e-05,-1.75783303580859e-05,-1.80380484770231e-08,-0.000214226460986656,-0.00119582803547337,0.000235582574707431,0.000775944202165523,-7.84914418795386e-06,2.01969815791225e-05,1.06417534004537e-05
"east_of_england","beta17",8.91870467617176e-07,6.21815988071645e-05,-7.66974244697327e-06,-2.64639992499839e-06,-1.12740955192397e-06,-3.48808643687076e-06,6.09344541532778e-06,-3.61826024185802e-06,2.85668681788385e-06,-4.03873404041826e-06,5.09812282080985e-06,-6.52153647111116e-07,1.42352205509696e-06,-2.24919470492158e-06,1.44877974641391e-06,6.09597844928852e-06,2.87786743828292e-06,-3.86927114128839e-07,1.43369451809842e-06,2.4268114040306e-06,6.75232647537768e-07,1.45172147686021e-06,1.40453518556882e-06,1.86577567861502e-06,1.48857505123078e-06,2.70252364922937e-06,8.58989896455582e-07,5.94620970547693e-07,3.56541199547089e-06,6.35608388516416e-07,1.14794145509796e-06,5.14489539257564e-06,-4.00706361076898e-06,1.53693662250181e-05,-6.36855449248681e-07,8.87661797174171e-07,1.69931860795336e-07,-7.69206750765965e-07,-1.226303370606e-06,4.01504006895535e-06,9.87255841270957e-05,4.09644522243645e-05,7.57250905305603e-06,4.49166455431705e-05,8.64067342987006e-06,0.000141563268328478,1.15689690894097e-05,-5.82196197918449e-07,3.44980777716047e-05,-1.34016093714749e-05,-4.02542101798466e-06,2.33791371375595e-06,1.10608601992247e-05,-4.60498975471651e-05,-1.43360004750542e-05,-4.15918494226072e-06,6.38358228243587e-05,3.50835818571246e-08,3.21955037971344e-07,5.74092682664e-08,-4.24097785040825e-09,-1.66209474397833e-07,1.49860827802737e-07,4.80326132554173e-08,1.02788658045358e-08,9.11697415969628e-08,-1.00889320143005e-07,-6.04646257905127e-05,-5.62990022696071e-05,-3.56137038694589e-05,5.64075938759885e-05,8.38042808177771e-06,-3.78858049727996e-05,-2.711622506197e-06,5.04613055521087e-06,1.76916010735319e-05,6.98470457414319e-06,-8.53424285750869e-08,6.22298108126545e-05,0.00144159315583513,-0.00050736840689823,0.000181129201115128,-1.39815640453577e-05,-5.16956689963377e-05,-1.58260116669319e-05
"east_of_england","beta18",-1.77634494368068e-05,-0.000168270644830359,4.19254289282417e-05,3.95865895610065e-06,1.22512045769736e-05,8.2528191404594e-06,-1.279439568442e-05,9.74830069739576e-06,-7.96175634290791e-06,8.53519009543918e-06,-8.10604890191699e-06,1.42570117325164e-06,-2.24919470492158e-06,6.69101491225255e-06,-4.66386382273091e-06,-7.35676124584572e-06,-4.17691597088942e-06,8.27269837106515e-07,-6.02531515030553e-07,-5.05491567272948e-06,-3.98786860653997e-07,-3.25034827596475e-06,-1.34149973429782e-06,-2.9310390355903e-06,-4.32999927312688e-06,-3.47361405039658e-06,-3.69260276022211e-06,-5.13284685363182e-07,-5.79312707131066e-06,-2.1060958991271e-06,-2.0192061020694e-06,-9.24803169578682e-06,7.19710921415166e-06,-2.4101895401199e-05,3.22910329966946e-06,-4.69691062927956e-06,5.81180417184549e-06,-1.21216231322552e-06,3.52762177246181e-06,-9.76607231013354e-06,-0.000242632282490494,-2.89452279721326e-05,2.42278935143795e-05,-6.56303678229281e-05,-2.69476563967324e-05,-0.000134562026403592,-4.9240721039969e-05,1.63157266496004e-05,-9.23431431771053e-05,1.27227143801555e-05,1.56389920938983e-05,-5.70184586206911e-05,-0.000152131505535814,5.0139721435201e-05,2.51231021682076e-05,4.64119834171974e-06,-4.60492737017367e-05,-2.16961133164079e-07,-6.69576657185974e-07,8.10204272549446e-08,1.04344800618089e-07,9.08364066067207e-07,-1.55717437567701e-07,2.74986093298336e-08,-1.32085128583729e-07,-6.99400998024809e-08,5.66752995900855e-08,0.000119249120626791,9.05432537909758e-05,2.21181217390423e-05,-0.000112626257896396,0.000188562827854658,0.00011845976576809,4.55171225918019e-05,4.92723429876339e-05,-8.50134829106747e-05,-2.43647400402544e-06,3.71781436022181e-07,-0.00156952904648395,-0.00378807042949446,0.000933207286878893,0.00279488829720585,1.65604234887575e-05,9.54350307054111e-05,3.22337608468036e-05
"east_of_england","beta19",1.10108307332699e-05,7.2737653118436e-05,-6.39963429857992e-05,-9.58473972846784e-06,-3.54738599509254e-06,-6.34711791399391e-06,7.85741158083261e-06,-5.1092510043682e-06,5.45734874634584e-06,-5.16961603747886e-06,6.11508076824938e-06,-1.44979557645719e-07,1.44877974641391e-06,-4.66386382273091e-06,7.46485158283005e-06,-1.32918722306468e-05,8.44364797162248e-07,1.88035838955415e-07,2.80739050162019e-06,2.15345629870732e-06,4.36952840190208e-07,3.31613429947076e-06,-1.04383196605487e-06,5.0928050296991e-06,2.9949713731133e-06,4.60725488963111e-06,4.63611161131164e-06,-7.98503595133575e-07,6.12037527585181e-06,1.38591519310445e-06,7.61232820029536e-07,1.10051814971131e-05,-8.45068375202764e-06,2.62310628857425e-05,-3.47665525893537e-06,4.13345083237949e-06,-1.94274962455882e-07,-6.62721464436064e-06,2.48258500593951e-06,8.56442903832539e-06,0.000165429568156932,8.51677498043194e-05,-2.43172021422826e-05,2.30899530512541e-05,8.0080045590479e-05,0.000168344390036166,6.61220833548498e-05,-0.000108301606851948,4.32222336449113e-05,-2.12068864682122e-05,-9.39140685245855e-07,4.45632192928138e-05,0.000224521856625627,-4.17532542933993e-05,1.73848386966367e-05,-7.23474400749169e-06,0.000154174240439355,2.33446195612119e-07,1.04242321257564e-06,8.9296715772324e-08,-5.52649237466741e-08,-1.22738017185527e-06,4.95770771117856e-08,-2.23490283104245e-08,1.4088314332347e-07,3.67500047354876e-08,-1.06903895618458e-07,-0.000175691255186046,-0.000143136425917057,-1.41852826462864e-05,8.29528383037288e-06,-0.000149181487347281,-9.8566725250935e-05,-9.62536340976752e-05,2.78915671267921e-05,3.93024679114148e-05,-2.32809610711285e-05,-7.73493436386513e-07,0.00113790434842026,0.00414619369482045,-0.000814807522344496,-0.000628871634653889,-3.45395052471177e-05,-5.57191453396853e-05,-3.46793793279312e-05
"east_of_england","beta2",0.000150422709616152,-0.000325154716442314,0.000367511233184778,9.74845584297146e-05,-0.000139353357954492,4.43849749541187e-05,1.18031372432933e-05,-5.95031914319399e-05,1.55763094954312e-05,-2.48067941094886e-05,1.31980964429592e-06,-1.48616651262012e-05,6.09597844928852e-06,-7.35676124584572e-06,-1.32918722306468e-05,0.000744819888783536,1.61788165399065e-05,-3.04094770501486e-05,-6.40344955224e-05,4.87843653794329e-05,-1.71949460545272e-05,-2.89379771370632e-05,2.30123297055084e-05,-4.00788114786428e-05,-1.42179032180613e-05,-6.7630254288676e-05,-3.11699318386901e-05,1.27244355445958e-05,-3.35602634731387e-05,-7.99128971097737e-06,-1.79691378831875e-05,-2.38046893561801e-05,1.15854371558335e-05,-8.02999939732783e-05,5.32124669548229e-06,4.01844690160743e-06,-1.16261187795453e-05,6.04555111353944e-05,-6.75487607008196e-05,-3.09885347225026e-05,0.00153566527848508,-0.000974990111961589,0.000477919943071072,0.000449071338295515,-0.00117998187408822,-0.000977990985651251,-0.0012128505715969,3.76765874646419e-05,0.000384959748975555,0.000226330072067482,-0.000112548626231988,-0.000105155504096401,-0.00102837725876707,-6.98034719450046e-05,-0.00055443156614982,-3.8009083949829e-05,-0.00175902326424688,1.02128804240434e-06,-2.06059965006263e-06,2.16102058279535e-06,2.18386854443985e-07,1.42936478280192e-05,2.04746666971124e-06,-1.47849394969108e-07,-2.49697412826635e-07,3.01812440913717e-07,-3.92839325852963e-07,-0.000305567493023516,-0.000683663444173338,0.000595494329307088,0.000647774729831004,0.00257680435548935,-0.00125208246033379,0.000774336798607509,-0.00134449993807146,0.00272227488955617,0.000400728627413311,4.24046989419139e-07,-0.00972906997553644,0.0390048542170908,0.00585130765566843,-0.020378049564293,0.000360812985677538,0.000450662557265558,0.000125560100089314
"east_of_england","beta20",8.8204737340692e-06,0.000106588102957754,-1.34361334884338e-05,-2.0359098096728e-06,-1.46794407681719e-06,-7.96654199026321e-06,1.41918579782036e-05,-9.24320438607171e-06,7.14156160643471e-06,-9.13968441931979e-06,1.08868212012778e-05,-1.34113903746629e-06,2.87786743828292e-06,-4.17691597088942e-06,8.44364797162248e-07,1.61788165399065e-05,9.56839034055104e-06,-2.02353276018526e-06,4.85218640257284e-06,5.7032470614822e-06,2.19101455749094e-06,3.70957413203231e-06,4.21074385985664e-06,4.48187908561941e-06,5.17409809521245e-06,5.5440513652477e-06,1.13355486886215e-06,3.16576038180879e-06,8.7328228447362e-06,1.92793837933032e-06,2.56415505029399e-06,1.1908698951848e-05,-8.66021594829282e-06,3.42390954204932e-05,-1.37040994206299e-06,2.18731432709113e-06,7.38802376362359e-07,-1.87848049064328e-06,-3.97867377423913e-06,1.01062986959094e-05,0.0002897302157304,0.000123660613177777,6.10463760245917e-06,0.000107053016221297,1.21337370808096e-05,0.000357859072031639,2.42758968418091e-05,3.01256182932383e-05,8.45291473331326e-05,-4.20681300118902e-05,-7.44564842567238e-06,1.49433770339213e-05,-8.36599405845346e-06,-0.000117892458888809,-4.4779402964717e-05,-4.39676533105949e-06,0.000109699079521788,1.23566256299555e-07,7.25353609697711e-07,2.28228333805469e-07,-4.33311048171253e-08,-2.6241020781101e-07,4.96208738833186e-07,1.29887587822073e-07,-3.57639218632148e-08,2.52431197206074e-07,-1.52746484481788e-07,-5.55819532967251e-05,-5.25083737936012e-05,-9.16293704548835e-05,0.000125053087750343,-3.49937172160021e-05,-7.42302519560585e-05,2.46275222183598e-05,-3.48765662770634e-05,4.03723377221256e-05,2.78503842538601e-05,3.66365085091393e-08,0.000536775830862654,0.00261656327781462,-0.000996905082559766,0.000833079916018007,-2.739353178085e-05,-0.000151377056443364,-2.66477212681542e-05
"east_of_england","beta21",-3.59361430148731e-05,3.25876707703012e-05,1.86779407960161e-05,-9.72772426089016e-06,6.49704250979512e-06,4.14998704952000e-09,-4.29608568822759e-06,5.91228575457251e-06,-3.94481268111819e-06,2.93843362957883e-06,1.26727321687702e-07,3.38823868904191e-07,-3.86927114128839e-07,8.27269837106515e-07,1.88035838955415e-07,-3.04094770501486e-05,-2.02353276018526e-06,6.23840809637977e-06,-3.15276027376829e-07,-1.48993557618476e-06,2.49786244063798e-06,1.90225449009746e-06,-1.011564727642e-06,2.86577440441046e-06,2.9330763037058e-07,4.47269954270796e-06,1.03504504155782e-06,-3.82428104325161e-07,2.16831850421898e-06,1.69339894809662e-06,2.07789304379275e-06,-1.45679999039685e-06,3.65299839705173e-06,-1.4380132763426e-06,9.78833819488796e-07,-2.82746688108912e-06,2.99480241489042e-06,-2.12895853067035e-06,-2.03356043106148e-06,3.26507942109452e-06,-0.000124307553615199,4.81177762690103e-05,6.38653374223964e-05,-2.50963723073777e-05,2.39689771196113e-05,-4.69966088774398e-05,3.16464884802453e-05,5.42408903919895e-05,-4.05855555154472e-05,-1.00007872540446e-05,1.66352307328439e-06,-7.6488177143113e-06,-4.5099925179854e-06,-4.68362208756491e-05,7.33552913566295e-05,3.9568707966116e-06,6.65609219262371e-05,-2.38210369641693e-07,-1.50267015399427e-07,-3.46769410335025e-07,-1.17187109721147e-07,-8.94864502735675e-07,-2.75072958456992e-07,-1.42023873069313e-07,-2.35721916695365e-07,-5.99145206625305e-08,1.31119413431278e-07,0.000228418748052974,-0.000229248270077048,3.77582680319234e-05,3.40707225561404e-05,-1.81596642082783e-05,0.000121352049261504,-1.5578100415141e-05,4.2222101798269e-05,-0.000145058342551848,1.64070086718562e-05,5.33954304662776e-07,-0.000843230083081755,-0.00337033546822158,-0.000652761758294833,0.00137410660283913,-1.9630703789187e-05,-7.33588841256986e-05,-9.49377352283158e-06
"east_of_england","beta22",-1.29166865685579e-05,4.30246397604679e-05,-6.65266651206634e-05,-1.38305265693409e-05,2.32438626710851e-05,-8.85397887244912e-06,8.49107714533911e-06,7.61136083528721e-07,3.25995629651987e-06,-4.30579070549677e-06,8.79127925247668e-06,1.22013991466596e-06,1.43369451809842e-06,-6.02531515030553e-07,2.80739050162019e-06,-6.40344955224e-05,4.85218640257284e-06,-3.15276027376829e-07,1.59227490483749e-05,-3.84188817193246e-06,3.06271306659078e-06,5.41784632463824e-06,-3.94146966303435e-07,9.6032755505246e-06,3.57662018976175e-06,1.19224394934324e-05,2.68805629897336e-06,3.5834526569821e-07,1.08293067830235e-05,1.00733136307261e-06,2.31016457673446e-06,1.46732057384944e-05,-1.07005296136138e-05,4.24295692675843e-05,-5.55212489048717e-07,-4.54213304477463e-07,8.41038029305842e-06,-1.40483756438684e-05,9.69992783469166e-06,7.72147748644543e-06,7.32920657498657e-05,0.000240380361684049,-8.14724238932658e-05,6.02039889901832e-07,0.000128230128508296,0.000480815070000834,0.000134366719780645,-2.61454133247298e-05,-3.39362872514685e-06,-6.86979481662177e-05,1.13440621885142e-05,-1.59051445991311e-05,9.09509786155007e-05,-0.00010415152744951,2.49759347677845e-05,-2.19786807115291e-07,0.000375225698523235,-9.75239435568523e-09,1.19824781982189e-06,2.74101508738589e-07,9.57776200420415e-08,-1.40492015879254e-06,2.69737418596127e-07,2.8823785306049e-07,-5.51695223568522e-08,2.63735757461274e-07,-1.89416136225213e-07,-1.49654020524914e-05,0.000227982208003415,-0.000155570686195667,-5.17065705804086e-05,-0.00011291832539077,4.87121228967924e-05,-8.51234081780619e-05,0.000148377018018401,-0.000244292220535328,-4.73908276160918e-05,-3.88403765794581e-07,0.00129979134716172,-0.00169816898520047,-0.0012085502936532,0.00578718630429097,-6.71539029063788e-05,-0.000122740481730794,-3.50075217685563e-05
"east_of_england","beta23",2.98988017864998e-05,0.000297081202319336,-1.30241873112531e-05,-1.92820030123222e-06,-1.60884979030872e-05,-5.74132634466214e-06,1.17795184833637e-05,-1.01137584098e-05,7.85657328297862e-06,-9.47221335629347e-06,8.76844379447406e-06,-2.10906072858656e-06,2.4268114040306e-06,-5.05491567272948e-06,2.15345629870732e-06,4.87843653794329e-05,5.7032470614822e-06,-1.48993557618476e-06,-3.84188817193246e-06,1.43574238169211e-05,-1.27579951707885e-06,3.65852263204498e-06,3.23670264010122e-06,8.55262442957331e-07,6.61846242910446e-06,8.11699257090001e-07,1.40397956341223e-06,2.68370927187582e-06,5.30945679258271e-06,5.6066265339292e-06,1.41830236743833e-06,9.63409115598567e-06,-2.1002354975115e-06,1.47185316547175e-05,-1.6820868735834e-06,4.03663813307187e-06,-8.55395522175276e-06,7.60002581374136e-06,-1.01671602954519e-05,9.84627917128017e-06,0.000288109945977278,-8.0264794672089e-05,1.91177548821304e-05,6.3779383306543e-05,1.57549374884019e-05,-3.31239803501043e-05,4.16876714520586e-05,-4.83546426157172e-05,8.94569986538211e-05,8.08602353420416e-06,-1.56800786268249e-05,2.56930795798733e-05,4.04323157789043e-05,-5.2127124071291e-05,-4.1448824573338e-05,-1.12384196596655e-05,-0.000111904494004933,1.43365746885927e-07,4.07394156784588e-07,9.85804798065772e-08,-8.22062889961933e-08,-3.45278705378218e-08,2.34956875275514e-07,-7.37060291731187e-08,1.76487003511723e-07,1.86423378993778e-07,2.05197484688483e-07,2.11341779970134e-05,-0.000131284077355773,-2.22938448608306e-07,0.000109364795919674,-1.6095306816743e-05,-0.000150626170499249,-7.35144989644314e-07,-6.29844668595777e-05,0.000168052940457966,2.56282283798278e-05,-1.74014657349902e-07,0.000905165861711626,0.00197843139661326,-0.00143965426448373,-0.00262058617345302,5.25703855263072e-06,-0.000104107576643975,-8.24662517061005e-05
"east_of_england","beta24",-2.17991305592961e-05,-6.01018824691268e-05,-4.80128560241728e-06,-7.42966175151334e-06,4.76824829519874e-06,-3.19965248609804e-06,3.01257013787359e-06,4.86615968796113e-07,-1.88160400522539e-07,-5.3848791056562e-07,3.38062815960857e-06,8.94437298711779e-08,6.75232647537768e-07,-3.98786860653997e-07,4.36952840190208e-07,-1.71949460545272e-05,2.19101455749094e-06,2.49786244063798e-06,3.06271306659078e-06,-1.27579951707885e-06,3.1901308239489e-06,1.64781064440007e-06,9.20516070588243e-07,3.68290473149184e-06,1.86567315299621e-06,4.16927712210044e-06,1.184764625517e-06,1.13919705899986e-06,4.13202581358319e-06,3.66937589343878e-07,1.56738863214022e-06,3.25268236233179e-06,-2.96435325943959e-06,1.45249234149256e-05,-2.6334085596135e-07,-5.45742583371587e-07,3.7986466768028e-06,-4.53815158364442e-06,3.93555540630973e-07,4.05255079059205e-06,3.06367358325749e-05,9.08148731748572e-05,3.92367234788194e-05,1.81947667620377e-05,7.25299464096893e-06,0.000154970790129929,-6.6228884582708e-06,3.54800755816586e-05,3.14659599549209e-06,-2.78012688830108e-05,3.3017986267509e-06,2.25837154135276e-06,3.4616909633188e-06,-6.21027550067801e-05,1.92090843888774e-05,-1.19792780845707e-06,0.00013153267078241,-7.63025251977274e-08,3.0420783162597e-07,-8.67375719131636e-08,-4.5478716468441e-08,-7.38589590271051e-07,4.20506232741916e-08,2.31281714863127e-08,-1.60505946059015e-07,4.89826300846341e-08,4.28818315660171e-08,3.86930725802065e-05,-0.000137436157345414,-1.08059533860038e-05,4.31485801359677e-05,-8.16024707138524e-06,4.51706331985161e-05,-4.13188153150827e-06,3.0929246453887e-05,-8.51248280955185e-05,1.53980514508033e-05,4.51652383826448e-07,-0.000242161978879345,-0.000907506075292133,-0.000198655681440376,0.00138223626774063,-2.83268001688047e-05,-8.7295636787769e-05,1.5333550465588e-05
