"region","name","alpha_admission","alpha_D","alpha_death_hosp","alpha_H","beta1","beta10","beta11","beta12","beta13","beta14","beta15","beta16","beta17","beta18","beta19","beta2","beta20","beta21","beta22","beta23","beta24","beta25","beta26","beta27","beta28","beta29","beta3","beta30","beta31","beta32","beta33","beta34","beta35","beta36","beta4","beta5","beta6","beta7","beta8","beta9","mu_D","mu_D_2","mu_D_3","mu_D_4","mu_D_5","mu_gamma_H","mu_gamma_H_2","mu_gamma_H_3","mu_gamma_H_4","p_G_D","p_G_D_2","p_H","p_H_2","p_H_D","p_ICU","p_ICU_2","p_ICU_D","p_NC_15_24","p_NC_25_49","p_NC_50_64","p_NC_65_79","p_NC_80_plus","p_NC_weekend_15_24","p_NC_weekend_25_49","p_NC_weekend_50_64","p_NC_weekend_65_79","p_NC_weekend_80_plus","p_W_D","rel_p_D_alpha","rel_p_D_delta","rel_p_D_omicron","rel_p_H_alpha","rel_p_H_delta","rel_p_H_omicron","rel_p_ICU_alpha","rel_p_ICU_delta","rel_p_ICU_omicron","rho_pillar2_tests","seed_date_alpha","seed_date_delta","seed_date_omicron","start_date","ta_alpha","ta_delta","ta_omicron"
"east_of_england","alpha_admission",0.000272311886840575,-0.000650874936427585,0.000253055953418625,1.74746050534525e-05,-7.28931568875071e-05,-2.51306048813364e-05,3.2521469686465e-05,8.26745183854551e-06,-5.75506549396093e-06,-3.97499911432772e-06,2.26999621387234e-05,-1.78513737362985e-05,6.07073353430758e-06,-2.90253027534621e-06,-3.45537011562983e-05,0.000131417784666695,2.57177998318153e-05,-4.14880598894197e-05,2.7268995972609e-05,-2.61115245468768e-06,3.71181029690863e-07,-1.59068408663236e-05,1.04974318575823e-06,-2.30648562450815e-05,2.13489515940189e-06,-3.19875279964807e-05,-1.85870522215315e-05,1.34536006921105e-05,-3.60911767775892e-05,-2.25104871471023e-05,-1.77401370610522e-05,1.66109803127785e-06,-2.7172978988826e-05,-3.14478519355147e-05,5.07591953795236e-06,-1.6885401400299e-06,1.09304784833463e-05,1.44685869627461e-05,-5.99600053863367e-05,5.02525440604872e-05,0.00138113101748562,-0.000107269063506177,0.000272856745269163,0.000705557532341633,4.57516549885503e-05,-0.000659586724340017,0.000724569393027286,-0.000370073984823964,0.00022939766004926,0.0004004409274189,7.63861728417604e-05,2.1777446438313e-05,-0.000518934161549221,-0.00086577751095151,0.000100040914030158,0.000146147499713333,0.000442832718164193,-1.15660963190003e-06,-1.69022563978492e-06,7.68068027306905e-07,-9.35583874569503e-07,1.13864945986714e-06,-8.85417108596869e-07,-3.92121311725649e-06,7.00072447321477e-07,-9.11846193655857e-07,-3.18641039223276e-06,-0.000196556891031067,-0.000127732785371236,-0.000234704383027192,0.000692979034464825,0.000658056948396852,-1.65033117940573e-05,2.16786210779318e-05,-0.00114153324152702,8.79727943448496e-05,6.83033996598615e-05,1.88742045608337e-06,0.0236514799773626,-0.00257760401284356,-0.00331247406392855,-0.025550723903481,0.000284803224391235,-3.07636982369352e-05,0.000435763354090429
"east_of_england","alpha_D",-0.000650874936427585,0.0352582833107941,-0.00293047005332379,0.000185624303931211,0.000201137678682319,0.000257293801418054,-0.000427872116455748,0.000176724023945269,-8.43196459748472e-05,7.20504785506457e-05,-0.000108836574452646,5.69971444492485e-05,-4.20190766686089e-05,6.94758306767877e-05,-0.000139398203959448,-0.00248829995071681,-8.95266983379764e-05,0.000379252834493226,-0.000333566720664179,0.00021117074217195,-2.78565397398296e-05,4.77770827962798e-05,-6.03298961418383e-06,0.000383441497624568,-0.000304882137418888,0.000339089902306144,0.000265547492741744,-0.000253960861549069,0.000377311383903622,-3.6640187187388e-05,0.000271324843317443,-0.000211509744276612,0.000451252779700408,-0.0005041974739876,-0.000194714347810538,0.000292433852663761,-0.000631819187989012,0.000587146025296485,3.90644049895993e-06,-0.000392678663320251,0.00510513190921308,0.00754071906383606,-0.00774818194955803,-0.00553790447232806,-0.00109968451919898,0.0061926917510326,-0.00723210591319013,0.0101108158143167,-0.000273393970580094,-0.0045657522750971,-0.00165709436876971,0.000246608043713051,0.00862076872520066,0.00432903257287291,-0.00357895104043348,-0.00135842140667499,-0.00226755825796576,2.65286486030112e-05,-4.37777493347976e-05,-2.44883137242772e-05,1.01688084389758e-05,-3.91424294896731e-05,-6.70376985000961e-06,3.44653704949565e-05,-6.29640832927067e-06,6.29806143685487e-06,2.54114985846784e-05,-0.000892546735139335,0.0183511615782899,-0.00273391256837835,0.0137056404142854,-0.00453736421841847,-0.00495424787436249,-0.00676336208684419,0.0101712013371259,-0.00333934051829606,0.00160832165255542,1.33437061158824e-05,0.018533849336552,-0.222266468033296,0.0435430142746939,-0.0319761301000427,0.000452587696583471,-0.00298042436374727,-0.00306030892192467
"east_of_england","alpha_death_hosp",0.000253055953418625,-0.00293047005332379,0.00152668832490929,-1.12710662492894e-05,-0.00023422818895513,-6.67985160978698e-05,0.000159830951483406,-4.5840189352625e-05,2.76457917601463e-05,-5.71518392904363e-05,8.63804702402829e-05,-4.14699402606048e-05,2.9458850905494e-05,-6.08327192692735e-05,-5.15049526262064e-05,0.000431703497200427,6.1072934877186e-05,-8.8887051434077e-05,4.34916768063889e-05,4.2731929096162e-05,-1.44630162619151e-05,-2.05051098553444e-05,3.79861943922169e-06,-6.83625883655478e-05,2.81883922098148e-05,-5.25961331217489e-05,-4.28057284344729e-05,4.10234634670777e-05,-8.48521908503786e-05,-5.38618632927824e-05,-1.58863534619134e-05,-3.98055640738291e-05,-3.92342484822593e-05,-0.0001194696764666,2.33923839410445e-05,-4.6406245684658e-05,0.000108644427935333,-4.75865389686749e-05,-0.000152610875925243,0.000153322658876322,0.00241466148628599,0.000778255008842848,0.00132251994024312,0.00172756171741336,0.00066151285745356,-0.00299473841279764,0.00243277186473784,-0.000183794237525083,0.000668720889938968,0.00140651009183996,-4.8250199557461e-06,0.000462008323291994,-0.00265594183876152,-0.00343067878814003,0.000856117135824711,0.00030009005916596,0.00203199831914681,-2.68929177408355e-06,4.94740152347934e-06,4.70974037914158e-06,-1.93127404766947e-06,4.93875870733244e-06,-1.94505205368151e-06,-7.43514116422835e-06,2.10015211486096e-06,-5.09885946929489e-06,-4.82447254829892e-06,-0.00141065213574548,-0.00331445293700692,0.000749609414655138,0.000423492325076653,0.000722698620901078,-0.000577598985368834,0.000951583265077976,-0.00179465288933078,-0.00141419906273161,0.000508695470523444,2.04445277764773e-06,0.0529771197321883,0.0273739297737228,0.00407983341702904,-0.0672980006033867,0.00025016227729969,-2.575813773279e-05,0.00163391916355184
"east_of_england","alpha_H",1.74746050534525e-05,0.000185624303931211,-1.12710662492894e-05,6.58503514219792e-05,4.41923591436417e-06,-1.1339728687147e-05,1.19526716819047e-05,-5.02252030570652e-06,9.46965690878009e-06,-2.1249178559071e-05,2.49017075317838e-05,-2.25332466882714e-06,1.03842602190588e-06,-2.94331258872534e-06,-1.33463181803358e-06,-6.42135702597175e-05,5.61560594980865e-06,-9.69425017437524e-06,3.47548515634794e-05,-4.98285759314163e-05,1.21264212840762e-05,-1.3528758910954e-05,6.26134032477065e-06,-4.13267547883849e-06,-6.02525396143873e-06,-6.87327849110337e-06,-5.20115227494736e-06,3.03496262597044e-07,-3.33755301106536e-06,-5.77015344225647e-06,-1.24451278701279e-05,2.76489659138338e-05,-3.41271594726347e-05,4.86541985425013e-05,6.05753539325901e-06,-1.52455482847749e-05,2.65686038362732e-05,-8.39549658665146e-06,-3.14908163474533e-06,1.1216242996597e-05,0.000320246722558197,-2.73301364674909e-06,-0.000244733799372362,-0.000127008426298221,-0.000365034811327335,0.000365200372869787,0.000125973557870426,-0.000177598582713348,3.13383684998211e-05,0.000294356901727259,-3.27134600770121e-05,-8.65454821692082e-05,5.5556743316249e-06,2.70777772956465e-05,8.25623241225043e-05,4.27775991195017e-06,-0.000566518995444581,-6.05273892174119e-07,-8.5569720403065e-07,-2.09097450868827e-07,-3.28923030300951e-07,-1.6988532816227e-06,-6.40780728084078e-07,1.46780319701151e-07,7.19253610773327e-08,6.69040168632787e-08,-2.38157727198937e-06,6.99350492663291e-05,0.000968313761443626,0.000122124251424877,-0.00017977794646975,-6.3089047871206e-05,0.000147756068922021,-0.000147371276394311,0.00010526617878247,0.000126116082191006,3.94725821819838e-05,5.02912872516716e-07,0.00419471995612543,0.0103222225361201,0.000179110392617351,-0.00345237722843139,4.82644414361276e-05,8.16406840451171e-05,6.45863388303701e-05
"east_of_england","beta1",-7.28931568875071e-05,0.000201137678682319,-0.00023422818895513,4.41923591436417e-06,6.59426222791761e-05,5.10441429898149e-06,-2.28397515591477e-05,4.41013425653827e-06,-1.39405031314383e-06,-3.52247782993703e-06,-3.64643626875893e-06,8.61240118660412e-06,-5.59234249557279e-06,7.47268234642719e-06,1.70321560878202e-05,-0.000107233501643629,-1.17254815395266e-05,1.51685794906763e-05,7.03130026102992e-06,-2.69153228481961e-05,4.33621109723367e-06,8.14319004052021e-06,-2.44643378587743e-06,1.53455786573409e-05,-8.21381293700132e-06,1.41344205466799e-05,1.01690573078108e-05,-7.27388900145689e-06,1.7497211144809e-05,1.62129556318433e-05,-1.6442496634697e-06,2.59269332034124e-05,-8.54774832602216e-06,6.2478289996747e-05,-1.77941913439842e-06,4.35558483682236e-07,-9.27619175141007e-06,-2.1106543889918e-06,3.65298197449383e-05,-2.32278115158193e-05,-0.000795942545060629,-0.000352813877845232,-0.000145676984147916,-0.000432716691461112,-0.000236263413603023,0.000632832478099276,-0.000362931899188094,-0.000122752381676016,-0.000172227813625484,-0.000141646553609664,3.67570356549617e-05,-0.000113598171798373,0.000312589587958817,0.000842605460245144,-0.000110441874234664,-8.25122525831563e-05,-0.000511754043908615,-1.61184743344613e-07,-1.57808927042152e-07,-9.23676805591957e-07,4.8891560455536e-07,-1.71962501212906e-06,4.50861235188649e-07,1.60037961875791e-06,-3.06784591172143e-07,8.39760775894705e-07,5.62216097032004e-07,0.000517134898262558,0.000478896594601606,1.04132197217419e-05,-0.000543016106139087,-0.000253422245230918,0.000310777445998705,-0.000197847276493821,0.000698623453834336,6.44251788769e-05,-4.02330470388745e-05,-1.47688260981865e-07,-0.0120574244792816,-5.88538490642272e-05,-0.00128124590625371,0.0209230905009437,-6.47747254818958e-05,-3.47657183163544e-06,-0.000341816808935778
"east_of_england","beta10",-2.51306048813364e-05,0.000257293801418054,-6.67985160978698e-05,-1.1339728687147e-05,5.10441429898149e-06,1.47866871150164e-05,-2.11633112626834e-05,6.47456437839857e-06,-5.3366330327769e-06,1.20237961242168e-05,-1.67091240048852e-05,2.51938548465306e-06,-3.47083539684122e-06,5.7414786822306e-06,-1.73000211154807e-06,7.40088628636032e-06,-4.72268070895177e-06,6.20676216829095e-06,-1.55604045241145e-05,1.29243581125357e-05,-3.76903764648238e-06,8.34058963586955e-07,-1.95179071798912e-06,2.46478077444031e-07,1.37574369330258e-06,9.54266675759218e-07,8.80200541293262e-07,-4.26786408451601e-06,3.95617394645847e-06,-2.25988593089178e-06,4.65411407054836e-06,-1.28697874356417e-05,1.61612741432697e-05,-2.64953751753813e-05,-1.98808674171796e-06,4.41831757771991e-06,-9.81730907238666e-06,3.20961061567173e-06,1.12911007395319e-05,-2.10702176395619e-05,-0.000105581703231438,0.000109816529815647,-0.000121068670588361,1.02111291330931e-05,5.15318133335342e-05,0.000165292330934544,-0.000235872729925883,0.000147540274064065,-1.60957320907806e-05,-0.00018108378002257,-1.23100657922113e-05,7.22992116326723e-05,0.000172764630976623,7.52104843347887e-05,-5.52619525068122e-05,-6.36682697378917e-06,3.45273945901879e-05,5.19175332356364e-07,-3.72140604849371e-07,-8.37150876982818e-09,8.50614453312034e-08,4.39712795050258e-07,3.54869489251815e-07,4.12595935435502e-07,-7.15812729146584e-08,2.7083375106509e-07,8.85423350907836e-07,-5.68625590056593e-05,-0.000105594838148588,-3.53565431592922e-05,0.00014024729511229,-0.000195275936509738,-9.46078790810104e-05,5.23583067797276e-05,-2.95519996962865e-05,8.08946041668451e-05,-2.8837431982339e-05,-2.32970424724639e-07,-0.00119730382880152,-0.00469053992664761,0.000126079066976455,0.00290589766722078,5.36415737437849e-06,6.69599862233357e-06,-5.93089075110777e-05
"east_of_england","beta11",3.2521469686465e-05,-0.000427872116455748,0.000159830951483406,1.19526716819047e-05,-2.28397515591477e-05,-2.11633112626834e-05,4.28102072429826e-05,-1.77855997241291e-05,1.17410889553038e-05,-1.48993602127505e-05,2.19137860740059e-05,-4.52015699073899e-06,8.06228760806613e-06,-1.31710196795328e-05,3.40446216795929e-06,1.02197800078194e-05,7.04451547803264e-06,-9.86151280151922e-06,1.17906049786568e-05,1.80087055315807e-06,6.29644309011523e-07,-1.19037747258529e-06,2.51747617922462e-06,-3.34203151812925e-06,1.03367107526517e-06,-1.31448555590705e-06,-2.86161612355624e-06,5.92185547508355e-06,-6.71161017472096e-06,-1.59732588004396e-06,-3.24605453195791e-07,3.69681066789186e-06,-1.29663305571497e-05,1.46048340232458e-05,3.58546895963172e-06,-6.62308014137917e-06,1.84884285340234e-05,-8.35590649493986e-06,-2.29073863417539e-05,3.50223048649831e-05,0.000260108481615956,8.00529622950526e-05,0.000265902283384778,0.000155729371300841,5.173646751284e-05,-0.000399878539985627,0.000401681365294275,-7.6468190192637e-05,3.34016914882978e-05,0.00025352068263437,1.24763848815254e-05,-0.000107876789044324,-0.000292257061012572,-0.000342271475053422,0.000107201390521918,3.60284260978073e-05,0.000134295621951585,-3.95983751530786e-07,1.24480959100353e-06,4.60211997819923e-07,-8.11341547290194e-08,1.33672835722321e-07,-6.84791219435077e-07,-5.02866087204166e-07,2.62988480123095e-07,-6.80674127177836e-07,-6.72366335081624e-07,-0.000197427906244447,-0.000484273134682856,9.20458485009341e-05,2.53734548368576e-05,0.00047647628792331,-2.6170626839184e-05,-3.38456561048918e-05,-0.000247279650812314,-9.34610172730897e-05,2.96677670168354e-05,1.79462048121434e-08,0.0016662029607151,0.0100106586556172,0.000929646336048644,-0.00935171541583783,-4.94526825571869e-05,4.93428015820635e-05,0.000144511088674877
"east_of_england","beta12",8.26745183854551e-06,0.000176724023945269,-4.5840189352625e-05,-5.02252030570652e-06,4.41013425653827e-06,6.47456437839857e-06,-1.77855997241291e-05,1.40693664539297e-05,-8.82552783886058e-06,5.78766514574599e-06,-3.73903481577521e-06,4.44848162920744e-07,-3.69928947472286e-06,7.86522469456965e-06,-6.28292528686938e-06,-2.95341114018799e-06,1.01300823581231e-06,2.80381732751773e-07,4.81430905573705e-06,-1.06105038389155e-05,3.5712196373149e-06,-8.74731483508511e-07,7.65663660963897e-07,7.1997693841948e-07,7.51298225013138e-07,-3.04049143089841e-06,2.33540706930188e-06,2.07213968476555e-06,-1.06746665167916e-06,1.30576540957242e-06,-3.93785962142228e-06,2.41018934983483e-06,1.40917885667226e-06,-8.7422246593715e-06,-2.50629726219876e-06,4.17056618019949e-06,-8.92654984168185e-06,5.34533804501412e-06,6.44379941767707e-06,-9.91473343622579e-06,1.26250682971525e-05,-2.92598774771357e-05,-0.000125510849084934,-0.000109496367197094,-6.46631536174976e-05,0.000135172202084838,-0.000148299647107105,-8.56129826481439e-05,3.53721964949508e-05,-6.92890188714035e-05,-1.3867373819462e-05,3.27063184575707e-05,-6.71190340159828e-05,8.73642466018249e-05,-2.73861915654239e-05,-2.53189650750479e-05,-6.21969054158782e-05,-1.09501331567327e-08,-9.60276832714627e-07,-4.44015634143286e-07,-9.14941215285382e-08,2.18871047154275e-08,2.55904796059542e-07,-2.75824136986567e-07,-3.00691647544735e-07,3.75337803217663e-07,-6.58937724623199e-07,0.00016820313438055,0.000467873741565238,-7.84928029444711e-05,4.21786636482437e-06,-0.000134558911074656,8.73510072771323e-06,7.61846726869486e-05,0.000206330365743578,-6.02172016364626e-06,2.71994176968536e-05,3.95382785835023e-07,0.00347975688667931,-0.00725755821105799,-0.000522762502958093,0.00211498296857488,6.88468410872598e-05,-7.80066893320728e-05,-1.10286117401326e-05
"east_of_england","beta13",-5.75506549396093e-06,-8.43196459748472e-05,2.76457917601463e-05,9.46965690878009e-06,-1.39405031314383e-06,-5.3366330327769e-06,1.17410889553038e-05,-8.82552783886058e-06,7.85052739698588e-06,-9.86500618362906e-06,9.24499891370132e-06,-1.12005433232547e-06,2.68417544433588e-06,-7.43338265573061e-06,3.77263703942507e-06,-1.26079500618675e-05,1.84764452780957e-07,-1.40127623148093e-06,3.61956460228391e-06,-3.86240197525087e-07,-2.42876973569826e-06,-1.15519590475543e-07,-6.17888953815495e-07,-4.90611479251157e-07,-2.6187138100701e-06,1.45803541479134e-06,-1.2521057873508e-06,-4.73704769589428e-07,-1.02734219467795e-06,-2.6845790072266e-06,8.71522115142439e-08,2.11637905566681e-06,-7.68002057456596e-06,1.43029561186319e-05,1.85505108403651e-06,-4.44425839203395e-06,8.52933687230659e-06,-3.19752543678698e-06,-5.6187320888179e-06,8.17832510036092e-06,2.56197515338973e-05,-5.44192338811042e-05,5.24615258209975e-05,-1.86583638011071e-06,-1.42320060262766e-05,-7.5860812490351e-05,0.000139759550743734,6.89251205769038e-05,-1.44566848969911e-05,0.000110666918302346,-1.78587276648859e-06,-2.49919744569412e-05,3.92642710091575e-05,-2.19050611808315e-05,3.37037381563857e-05,1.05384586688057e-05,7.01979041260347e-05,-2.26400460910005e-07,4.20900187574224e-07,3.76859782239229e-07,-3.09963791452913e-08,-3.16675851528694e-07,-2.82075216275041e-07,1.06657503095302e-07,2.25794616679323e-07,-2.08562616164321e-07,-2.21485443001208e-07,-0.000180666384061485,-9.72894504721356e-05,4.32504852539696e-05,-3.07569914473053e-05,-1.05323909149668e-05,2.00447581489583e-05,-2.27757676246135e-05,-3.23022657604901e-06,-5.42469704565968e-05,-8.8029627207257e-06,-1.66802018625801e-07,7.89274009802534e-07,0.00801877977693848,0.00057494688369437,-0.00159594248820079,-2.16065961283252e-05,5.63403089442324e-05,3.74176235458589e-05
"east_of_england","beta14",-3.97499911432772e-06,7.20504785506457e-05,-5.71518392904363e-05,-2.1249178559071e-05,-3.52247782993703e-06,1.20237961242168e-05,-1.48993602127505e-05,5.78766514574599e-06,-9.86500618362906e-06,2.6015069908336e-05,-2.79699029347174e-05,3.27199658347502e-06,-2.51888811040971e-06,1.10966946970362e-05,-1.42854049477359e-06,4.39888054851699e-05,-4.18762811201148e-06,5.38282409189209e-06,-2.45175700720335e-05,2.62714546456232e-05,-1.18472775371434e-06,8.50371788138764e-07,3.29612295179856e-07,-8.35190079652631e-07,7.74150137935542e-06,-4.7119833268415e-07,-7.44881198694957e-07,-2.77711268416231e-06,5.07480349776594e-06,2.6532219581721e-06,8.21145445125274e-06,-1.81817693642093e-05,2.70893611821495e-05,-4.09686776790595e-05,-2.11445469682319e-06,8.92358415423021e-06,-1.46450879908885e-05,3.41965576111322e-06,9.54309388703596e-06,-1.68304527663014e-05,-8.64428833801398e-05,0.000254461621175619,-1.86932817492067e-05,0.000207513210040441,0.000177174645379166,8.75018182491307e-05,-0.000256145740480703,2.41033446680761e-05,-1.28630211166676e-05,-0.000283339691430757,1.8244014629263e-05,2.30480976694419e-05,0.000128292456314692,-6.39521986194443e-05,-7.89804359548331e-05,1.4856112786553e-05,-3.54090529814968e-05,8.81280511130225e-07,7.04424015170304e-08,-2.01691703202952e-07,2.13565291115041e-07,1.40349968668156e-06,3.98816392900668e-07,1.62055069617484e-07,-1.848175811442e-07,2.40556090099355e-07,1.82769395800857e-06,8.67147188937995e-05,-0.000524241816341183,-6.44756249906645e-05,0.000254392056832687,0.000240419852064478,-0.000148833612007144,-2.9013342115985e-06,-0.000410160236319667,0.000283632447520916,-6.9817793620567e-05,-4.8076668052452e-07,-0.00589838263379457,-0.0117288088164804,-0.000737707294633459,0.000678855923380301,-4.84524250126845e-05,8.7244228428035e-07,-0.000107104886023359
"east_of_england","beta15",2.26999621387234e-05,-0.000108836574452646,8.63804702402829e-05,2.49017075317838e-05,-3.64643626875893e-06,-1.67091240048852e-05,2.19137860740059e-05,-3.73903481577521e-06,9.24499891370132e-06,-2.79699029347174e-05,3.91967227052511e-05,-4.96089362287532e-06,4.52406670168566e-06,-1.09429172372972e-05,-1.41348412075416e-06,-5.381731994222e-05,8.95645660216392e-06,-1.09870586764357e-05,3.83466734997049e-05,-3.77862892477383e-05,5.68298412505708e-06,-3.97147808748667e-06,3.52917037976715e-06,-8.97544781179812e-07,-8.39183080844712e-06,-2.59891476742623e-06,1.7011696206355e-06,6.9182445150512e-06,-9.63957111079063e-06,-2.82164562959546e-06,-1.0890180563472e-05,2.28390783622504e-05,-3.51841189228654e-05,4.73594652141657e-05,1.76699220078642e-06,-8.24523170806747e-06,1.5089415976061e-05,-1.70024759615273e-06,-1.62892495406083e-05,2.64825958743893e-05,0.00025900171803093,-0.000198036010217301,5.14033599281444e-05,-0.000272955506109608,-0.000199538096499516,-0.000134032851969133,0.000331839179787097,-0.000149287324351144,5.8373741848209e-05,0.000364281497228673,-3.09713724173082e-05,-6.58100977210246e-05,-0.000320840848818304,-7.02726455106499e-05,0.000103665563946549,-1.23277565593386e-05,-3.45879331685433e-05,-1.14860856552873e-06,-4.29785400053038e-07,-6.66425318548414e-08,-4.45653971671315e-07,-1.30906108393374e-06,-6.26939834360046e-07,-7.19909093870216e-07,-3.93757851119717e-08,-2.45301029185838e-07,-2.93777694501183e-06,4.70536825825416e-05,0.000743297148346455,2.91594164559631e-05,-0.000206514890123059,-2.43376844913433e-05,0.00014827366551225,1.28198415462562e-05,0.000386412905965248,-0.000281584109334639,8.76731744745766e-05,5.38400713567008e-07,0.00872636862382597,0.012222654672965,0.00089050691175708,-0.00430829208979264,5.01962417978495e-05,-2.47674613729123e-06,0.000164472215994662
"east_of_england","beta16",-1.78513737362985e-05,5.69971444492485e-05,-4.14699402606048e-05,-2.25332466882714e-06,8.61240118660412e-06,2.51938548465306e-06,-4.52015699073899e-06,4.44848162920744e-07,-1.12005433232547e-06,3.27199658347502e-06,-4.96089362287532e-06,2.3960313688532e-06,-1.12711912577307e-06,3.03402760182226e-06,3.4644192461363e-06,-8.90570924640544e-06,-2.85371922717333e-06,4.25579996532124e-06,-4.53570702630242e-06,2.52907920898857e-07,1.20519663149192e-06,1.12824720536465e-06,3.62789988703151e-08,2.77773904304999e-06,-1.06934196939871e-07,2.84904063638395e-06,1.51624572577003e-06,-1.73279311480229e-06,4.40654511130957e-06,3.33172230079658e-06,1.60834911179048e-06,7.77505665321689e-07,3.48090809292802e-06,3.60742942125541e-06,-4.26517991230757e-07,8.08870346068332e-07,-2.50778660919752e-06,-1.11565909837038e-06,7.72633875024836e-06,-5.97164737839789e-06,-0.000130863800685382,2.3362475553098e-05,-3.9540747019966e-05,-3.10734425680291e-05,3.42265331807875e-06,0.000131757120604395,-0.000113880691353961,-8.92301606356341e-06,-2.77776779371203e-05,-6.5886787836963e-05,8.48301021507688e-07,-1.47022754761304e-05,5.20129080627791e-05,9.55216985708669e-05,-2.938846828309e-05,-1.12365106060953e-05,-0.000107118051274223,1.96708667237439e-07,1.08977203391542e-07,-1.87038192568907e-07,1.44666494490494e-07,-9.34774928332778e-08,1.41519754374063e-07,4.20762040335658e-07,-1.14937603651618e-07,1.30536400659009e-07,4.99840471895761e-07,7.20068973297452e-05,4.0070746310838e-05,-2.59765601984895e-06,-6.75592768556314e-05,-1.08317814663655e-05,1.2601734727153e-05,-2.20060220331705e-05,4.24389248535782e-05,6.59838862050724e-05,-1.90332332772345e-05,-1.81849830001231e-07,-0.00373131448468778,-0.00140952247639824,-3.63757231375861e-05,0.00303888647977304,-3.5622540789195e-05,9.42467866856832e-06,-7.01050367137477e-05
"east_of_england","beta17",6.07073353430758e-06,-4.20190766686089e-05,2.9458850905494e-05,1.03842602190588e-06,-5.59234249557279e-06,-3.47083539684122e-06,8.06228760806613e-06,-3.69928947472286e-06,2.68417544433588e-06,-2.51888811040971e-06,4.52406670168566e-06,-1.12711912577307e-06,2.16285678470711e-06,-3.48465291725553e-06,5.7092862125828e-07,-6.74526887435717e-07,1.26393096158052e-06,-1.64178164225039e-06,1.20457906440204e-06,3.83441049592499e-06,-1.17591261093645e-06,1.49806100012186e-07,3.02648270531101e-07,-3.82880087930182e-07,-2.55844138990894e-07,1.59554089398481e-07,-3.30150059260883e-07,1.00491466501233e-06,-1.30794038990676e-06,-1.30542720105525e-06,1.06957652392228e-06,-1.26945240916323e-06,-1.56361487324267e-06,1.5047087888731e-06,3.52748160863768e-07,-4.34181382732965e-07,2.15292129219516e-06,8.91466910756735e-08,-5.901790320732e-06,6.72084985109571e-06,7.08660017410891e-05,2.44933247192438e-05,5.86800237735036e-05,3.82014684530426e-05,3.11413122924358e-05,-9.13434343851677e-05,9.20508948288191e-05,2.49693426666868e-05,8.52143930103927e-06,4.62866167243254e-05,1.67765435536982e-06,-2.33074564206962e-05,-3.62958263522661e-05,-8.04066960198272e-05,1.58163126418991e-05,9.23741168087949e-06,8.03563678654806e-05,-6.59203029289362e-08,2.15331136899321e-07,1.47418431065811e-07,-2.1125893957042e-08,1.11652631228088e-07,-2.06577802777515e-07,-1.49332883866868e-07,6.88299756743055e-08,-1.27729618701751e-07,-1.01549521913242e-07,-9.58562870414735e-05,-0.000141394877946213,1.02053010427589e-07,6.95967192966296e-05,0.000103549525214462,-1.76365554884595e-05,-9.68853370065299e-06,-6.11161362244645e-05,-2.98256995562494e-05,-2.30949397464643e-06,-4.50119663572662e-08,0.000360085725751817,0.00236428378051115,0.000281320656315706,-0.00250699206093999,-1.36337962991884e-05,1.45335508103538e-05,3.28771429350277e-05
"east_of_england","beta18",-2.90253027534621e-06,6.94758306767877e-05,-6.08327192692735e-05,-2.94331258872534e-06,7.47268234642719e-06,5.7414786822306e-06,-1.31710196795328e-05,7.86522469456965e-06,-7.43338265573061e-06,1.10966946970362e-05,-1.09429172372972e-05,3.03402760182226e-06,-3.48465291725553e-06,1.14659461937122e-05,-6.06632596903362e-07,8.3217931529787e-06,-1.74618546115442e-06,1.9128573774221e-06,-2.55896260938128e-06,-7.52589670201966e-06,6.17063162054094e-06,-1.98618670097726e-06,1.51199619044035e-06,1.24100815344357e-06,1.98178581014401e-06,-1.33489804643318e-06,4.1298168758985e-07,-7.7526702962742e-07,3.55371783555238e-06,4.47691075344449e-06,-7.96890687885731e-07,1.893442800327e-06,5.10374835220071e-06,-3.60870178871523e-06,-6.28131769770356e-07,2.21214856162597e-06,-5.51798083719816e-06,-2.82626189808671e-07,1.2290245664906e-05,-1.18440638214391e-05,-7.46312693031874e-05,6.64673687038078e-05,-0.00011072704787092,1.27662848345446e-05,-2.80247548731922e-05,0.000242518683920018,-0.000205180591340699,-0.000167553923919331,-2.90412823487186e-06,-0.000125861855179888,5.81278620339637e-06,-8.89626691590934e-07,-2.29802664276172e-06,7.42656758657292e-05,-4.71547822254648e-05,-1.13243261711872e-05,-0.000267419718301383,3.00155494845759e-07,-3.29070102488015e-07,-4.73161510793318e-07,1.35342646703339e-07,2.58540809008804e-07,3.30469600727371e-07,2.18554671230571e-07,-3.18891015891658e-07,3.06483650515089e-07,4.28343547655808e-07,0.000269650619276844,0.000246138793286007,-4.99042329971935e-05,-4.84429370615775e-05,2.19128077772734e-05,2.15535666875309e-05,2.17634753181814e-06,-5.55475168593682e-05,0.00020599969598881,-1.22653448970573e-05,5.673783897908e-09,-0.00360219669149104,-0.00746447296849387,-0.000677134408985909,0.00338710247289681,-1.70881220031474e-05,-1.76939201132216e-06,-8.72836841833993e-05
"east_of_england","beta19",-3.45537011562983e-05,-0.000139398203959448,-5.15049526262064e-05,-1.33463181803358e-06,1.70321560878202e-05,-1.73000211154807e-06,3.40446216795929e-06,-6.28292528686938e-06,3.77263703942507e-06,-1.42854049477359e-06,-1.41348412075416e-06,3.4644192461363e-06,5.7092862125828e-07,-6.06632596903362e-07,1.35896955236996e-05,-2.87942658897841e-05,-6.11667501166458e-06,4.9182153305924e-06,-1.09399555979889e-06,-2.16918759274154e-06,2.76542030045169e-07,4.48405058544262e-06,-1.63561450516001e-06,5.16002858020552e-06,-5.11288437163502e-07,5.30475797703483e-06,3.4768301952296e-06,-9.82129849802501e-07,5.99626488886984e-06,6.50104143994062e-06,2.48670070812624e-06,4.3491629186904e-06,-1.47710555739281e-06,2.5148068660442e-05,5.6350864750481e-08,-1.48598693620983e-06,2.23960669801323e-06,-5.45702338902829e-06,9.97235842520423e-06,-1.95734371449161e-06,-0.000320297677551224,-8.39930193857124e-05,6.9007418675535e-05,-4.49182334579978e-05,-9.47341422324412e-06,8.09486116620453e-05,7.08853998253882e-06,-8.91684892871316e-05,-5.91960047993407e-05,-4.73425694750016e-05,2.49006876550785e-05,-7.58096776413827e-05,9.99049597343761e-05,0.000223773665557079,-3.09487149868441e-05,-2.0100525722927e-05,5.45788971779528e-06,-6.66463460832365e-08,9.73220069325986e-07,8.95021648914414e-08,2.68661057423134e-07,-1.00075684951664e-07,-1.74799312326143e-08,6.78735824664194e-07,-1.08190062850578e-07,1.54289253165014e-07,6.18596617152333e-07,-9.82180460419124e-05,-0.000254505458478276,2.25696008578405e-05,-0.000181277930603535,-1.25491966903503e-05,0.000117861206347886,-5.34193796324066e-05,0.000140008188690759,3.73461782454108e-05,-3.33393839303616e-05,-2.83886514889851e-07,-0.00774401344897811,0.00460581785117902,6.88217170163759e-05,0.00531244480039782,-9.01391668996672e-05,6.50984586155226e-05,-0.000106418242705461
"east_of_england","beta2",0.000131417784666695,-0.00248829995071681,0.000431703497200427,-6.42135702597175e-05,-0.000107233501643629,7.40088628636032e-06,1.02197800078194e-05,-2.95341114018799e-06,-1.26079500618675e-05,4.39888054851699e-05,-5.381731994222e-05,-8.90570924640544e-06,-6.74526887435717e-07,8.3217931529787e-06,-2.87942658897841e-05,0.0005246751868291,1.23990527876172e-05,-2.64685837661843e-05,-6.41167132535823e-05,8.6594849934511e-05,-1.00215129633923e-05,-1.24289956162899e-05,-4.13702763609822e-06,-4.52118785238302e-05,4.40438473369873e-05,-4.12959629442181e-05,-4.83629262704677e-05,1.67870782671493e-05,-3.53898302760258e-05,-1.94368172109525e-05,-6.94585676769642e-06,-5.37376515281086e-05,3.34857704444251e-05,-0.000136521422810459,1.94200642164115e-05,-1.5405180233537e-05,4.19599513693715e-05,-4.44394230290573e-05,-1.34907684984148e-05,3.56346485780712e-06,0.000533698266875968,0.000142464403607394,0.000374193545067837,0.00159166221231868,0.00071966532883057,-0.000892149056221993,0.000192396828814066,-0.000125070694614989,0.000152877155742604,6.30155748203044e-05,9.61376262679377e-05,0.000388009883897263,-0.000862878431211452,-0.00151909044262825,0.000318981773054153,0.000253704939060977,0.000473272805818473,6.16234607758282e-07,3.26885781178769e-06,3.08195450112326e-06,-3.60745151471832e-07,7.17065593294364e-06,1.54367746014661e-06,-3.96102149308636e-06,1.29852004920269e-06,-1.51259857477304e-06,2.72315938646328e-06,-0.000355919697389585,-0.00218304654255293,4.36621112616272e-06,-0.000109343602341551,0.00036505565342997,-0.000314908888771711,0.00106233887835402,-0.00244374396352196,0.000651375362688649,-0.000173693789413132,-1.88329807806831e-06,0.00423680353501785,-0.0132423600468944,-0.0025183499197135,-0.0172555093074851,5.41683986444714e-05,0.000149966386307678,0.000511148215173052
"east_of_england","beta20",2.57177998318153e-05,-8.95266983379764e-05,6.1072934877186e-05,5.61560594980865e-06,-1.17254815395266e-05,-4.72268070895177e-06,7.04451547803264e-06,1.01300823581231e-06,1.84764452780957e-07,-4.18762811201148e-06,8.95645660216392e-06,-2.85371922717333e-06,1.26393096158052e-06,-1.74618546115442e-06,-6.11667501166458e-06,1.23990527876172e-05,5.88901556325245e-06,-6.40489810449251e-06,1.06662207263292e-05,-6.69663194705064e-06,2.17610166349129e-06,-3.01165067252633e-06,2.47896572752574e-06,-3.89282678913811e-06,1.18581297238023e-06,-4.46147509537368e-06,-2.19356352514305e-06,3.98334736113276e-06,-5.85148237008594e-06,-2.56999482990472e-06,-3.82731259536512e-06,3.51224467037379e-06,-7.28912243700428e-06,-7.47814173052076e-07,1.00624675277423e-06,-1.7777124200264e-06,4.57383211215115e-06,-1.78095266632368e-08,-9.07861001391975e-06,9.55373532361049e-06,0.000211338199129777,5.64982809737045e-06,1.19170849618559e-05,7.00764055991044e-06,-3.05518143104302e-05,-0.000102860974285941,0.000102079391526948,-5.30831285005474e-05,5.05475519346179e-05,0.000111322780668528,-1.1827087640081e-05,6.19255320199617e-06,-0.000172248446486895,-0.000173028128388565,5.17744224268736e-05,1.23096930454492e-05,-1.03903731465911e-05,-2.92123367731982e-07,-3.19491187867924e-07,-2.57966412131869e-10,-2.49186784789054e-07,6.9349758580042e-08,-1.58149272885868e-07,-6.44559413042473e-07,2.51091960090248e-08,-1.53197804778539e-07,-9.64994108910474e-07,6.44745469774805e-05,0.000188000783223242,5.13978342360341e-06,2.88021155472771e-05,9.8220850936674e-05,-1.88509782558164e-05,4.38207582094811e-05,-5.27778158090766e-05,-4.45714711502843e-05,2.83875571404211e-05,2.20108963700359e-07,0.00487718173897106,0.00010838631857984,-5.80876094852145e-05,-0.00420605552759714,4.07691322240194e-05,-3.44986084759055e-05,9.6454756674511e-05
"east_of_england","beta21",-4.14880598894197e-05,0.000379252834493226,-8.8887051434077e-05,-9.69425017437524e-06,1.51685794906763e-05,6.20676216829095e-06,-9.86151280151922e-06,2.80381732751773e-07,-1.40127623148093e-06,5.38282409189209e-06,-1.09870586764357e-05,4.25579996532124e-06,-1.64178164225039e-06,1.9128573774221e-06,4.9182153305924e-06,-2.64685837661843e-05,-6.40489810449251e-06,1.5474508043751e-05,-1.94533796006936e-05,1.60967553550062e-05,-2.02724076529473e-06,6.69545686242347e-06,-1.35839783120073e-06,1.02934412909034e-05,-5.28505907349275e-07,1.06482936373301e-05,5.14726377258342e-06,-3.81206768179069e-06,1.24254860027072e-05,6.37096035536458e-06,6.96190318619207e-06,-3.10457528734942e-06,1.40161029226476e-05,-2.38193920484287e-06,-3.08167784695498e-06,5.39362315026525e-06,-1.08411005977267e-05,3.41212779574899e-06,1.16516625000902e-05,-1.25148622118348e-05,-0.000233983607131183,6.32974748307581e-05,-9.24978960991507e-05,-8.45237548918563e-05,7.70681774978584e-05,0.00015267774545446,-0.000265942003141377,0.000231262333214957,-5.96914664574171e-05,-0.000150264278932082,-1.14626288588437e-05,-9.98571781378503e-06,0.000181084678460719,0.000212145665784138,-6.89646315786168e-05,-3.30274507106582e-05,-4.11963744145699e-05,6.84927701556652e-07,9.63370330755001e-08,-3.31781135226371e-07,4.00785373625507e-07,-4.98107313996709e-07,3.06169790397282e-07,1.01195576293455e-06,-9.32030834899825e-08,2.26401229001946e-07,1.43301272559523e-06,-1.18807069529378e-05,3.43087442361821e-05,-9.978232401687e-06,-5.0601890169156e-05,-0.000124447794774618,-4.73258010749791e-05,-4.4946312891419e-05,0.000232329562142589,-1.19372045176012e-05,-2.58081407327109e-05,-2.14240695066284e-07,-0.00636598868443475,-0.00531272246509079,0.000485526720395163,0.00510138880868966,-5.34920073497208e-05,-6.85890715279547e-05,-0.000136294192979055
"east_of_england","beta22",2.7268995972609e-05,-0.000333566720664179,4.34916768063889e-05,3.47548515634794e-05,7.03130026102992e-06,-1.55604045241145e-05,1.17906049786568e-05,4.81430905573705e-06,3.61956460228391e-06,-2.45175700720335e-05,3.83466734997049e-05,-4.53570702630242e-06,1.20457906440204e-06,-2.55896260938128e-06,-1.09399555979889e-06,-6.41167132535823e-05,1.06662207263292e-05,-1.94533796006936e-05,6.95097325500182e-05,-7.06751042274161e-05,1.43219397906136e-05,-6.39634375786295e-06,7.32808004194642e-06,-5.86892642475636e-06,-1.85484535108614e-06,-1.11082304899415e-05,1.86719809049904e-06,1.27051956667113e-05,-1.39216411151455e-05,3.6045331103877e-06,-1.88123172325228e-05,3.78409990316661e-05,-4.52539778846124e-05,6.69072605215032e-05,2.1630685055745e-06,-1.03336953328953e-05,1.8063453569748e-05,-5.97555883001981e-06,-6.01232082393071e-06,2.06839350809095e-05,0.000110931786865131,-0.000371424178154551,-1.72125358560705e-05,-0.000404537878477114,-0.000469222611414231,-1.45370049349435e-05,0.000368150914424767,-0.000581141684461634,8.32517702460682e-05,0.000346996256491569,-2.19773964985958e-05,-7.31882615414275e-05,-0.000358274224423154,9.57491796296593e-05,0.000119067334439636,-3.43299183570505e-05,-0.000271387089254825,-2.14198174510267e-06,-9.27456107918634e-07,-3.57153329399036e-07,-8.74264367061419e-07,-9.24030241768784e-07,-7.33235168565773e-07,-1.39488497531503e-06,-4.10874871401037e-07,1.94258473884545e-07,-4.24595989688539e-06,0.000301561663890344,0.0011118906526815,-8.41023245813642e-06,-0.00021006454632959,3.26665318970972e-05,0.000332079958320365,-1.77859737499253e-05,0.000512253931655364,-0.000201751178809453,0.000101893026796911,9.01448398979904e-07,0.010158651734617,0.00720577142651731,-0.00111441826093962,-0.00044088239794676,8.86399577478482e-05,-6.35698330678789e-05,0.000125048226305981
"east_of_england","beta23",-2.61115245468768e-06,0.00021117074217195,4.2731929096162e-05,-4.98285759314163e-05,-2.69153228481961e-05,1.29243581125357e-05,1.80087055315807e-06,-1.06105038389155e-05,-3.86240197525087e-07,2.62714546456232e-05,-3.77862892477383e-05,2.52907920898857e-07,3.83441049592499e-06,-7.52589670201966e-06,-2.16918759274154e-06,8.6594849934511e-05,-6.69663194705064e-06,1.60967553550062e-05,-7.06751042274161e-05,0.000109073198897482,-2.66830372099708e-05,1.35871548197024e-05,-7.99456056530339e-06,3.12157223699051e-06,1.03105914990067e-05,1.05187578632646e-05,-2.9404653585415e-06,-5.92399134215567e-06,9.50282309716038e-06,-7.26247746818412e-06,2.57519294810621e-05,-5.16725901317495e-05,5.79420143072306e-05,-9.3062105265264e-05,-3.01696948551188e-06,1.41663333426222e-05,-1.90150328425151e-05,8.34996873722492e-06,-9.31652161826692e-06,-9.17633096659709e-06,5.96366539818269e-06,0.000444908248818725,0.000156289239338052,0.000659482282828799,0.00056551339740801,-0.000319731145823781,-0.000152872168146617,0.000798991015930219,-4.6796052348412e-05,-0.000310869899520574,2.98066142600431e-05,5.94291297352045e-05,0.000300431894743372,-0.000337962148208575,-7.74362719888817e-05,6.50825453770297e-05,0.000832708221697558,1.66649841793716e-06,1.419986212898e-06,1.23208110292761e-06,6.32205333050462e-07,2.28561375858938e-06,5.02395773474543e-08,3.46283610213937e-07,8.15243144812455e-07,-4.08966100077308e-07,4.32313156731612e-06,-0.000928283928310307,-0.00200622591268103,-9.06949056294131e-05,0.000894362632398834,0.000364286949550881,-0.000502327181002537,7.8129949616895e-05,-0.000735942447001928,4.94322902122757e-05,-0.000158009596898946,-9.41236600218625e-07,-0.00630729479003816,-0.00827232932058458,0.000497721721317383,-0.00667851038345907,-7.83540066689449e-05,-3.7573151537455e-05,-3.465028330809e-05
"east_of_england","beta24",3.71181029690863e-07,-2.78565397398296e-05,-1.44630162619151e-05,1.21264212840762e-05,4.33621109723367e-06,-3.76903764648238e-06,6.29644309011523e-07,3.5712196373149e-06,-2.42876973569826e-06,-1.18472775371434e-06,5.68298412505708e-06,1.20519663149192e-06,-1.17591261093645e-06,6.17063162054094e-06,2.76542030045169e-07,-1.00215129633923e-05,2.17610166349129e-06,-2.02724076529473e-06,1.43219397906136e-05,-2.66830372099708e-05,1.13537696694922e-05,-4.33593938303617e-06,4.59261552027316e-06,6.25044529586881e-07,4.50622446787427e-07,-2.51241681108795e-06,3.79830265194341e-07,2.95093411116382e-06,3.48760632224962e-07,5.45227485855388e-06,-5.60900358035323e-06,1.40672910569677e-05,-1.10979304774967e-05,2.14892884115307e-05,9.06950418043476e-07,-2.81860458153711e-06,4.59905899726662e-06,-4.19558146864955e-06,5.53808904111705e-06,1.84774919820993e-06,2.43213646577979e-05,-2.20975197109606e-06,-7.79752757094845e-05,-0.000122162459448054,-0.00013017497020139,0.00014785123273532,-5.59327277514445e-05,-0.000264801103678966,2.07235538382755e-05,4.2571406233135e-05,-1.10779101203111e-05,-3.78779083207268e-05,-0.000162732298732538,2.31195804189942e-05,1.95275667830105e-05,-1.67678933927604e-05,-0.000374247978792674,-1.41918941097686e-07,-2.5130886846714e-07,-5.87794700683286e-07,-4.41020771124869e-08,-3.61206964879624e-07,8.73981191130426e-08,-8.98426885986307e-09,-3.75758809645857e-07,1.4482325237927e-07,-7.31256691935164e-07,0.00037204511164397,0.000597518624308895,1.96106548291439e-05,-0.000233944363920936,5.09900396897409e-05,0.000103910926771721,-1.2102360849505e-05,8.97315120473557e-05,0.000101921043766972,3.51820586011123e-05,1.72950607446189e-07,-0.00117780764790507,-0.00283223800430555,-0.000165430064240274,0.00115921611788032,-1.41910039765008e-05,-1.60538159534868e-05,-1.64817282746835e-05
