"region","name","alpha_admission","alpha_D","alpha_death_hosp","alpha_H","beta1","beta10","beta11","beta12","beta13","beta14","beta15","beta16","beta17","beta18","beta19","beta2","beta20","beta21","beta22","beta23","beta24","beta25","beta26","beta27","beta28","beta29","beta3","beta30","beta31","beta32","beta33","beta34","beta35","beta36","beta4","beta5","beta6","beta7","beta8","beta9","mu_D","mu_D_2","mu_D_3","mu_D_4","mu_D_5","mu_gamma_H","mu_gamma_H_2","mu_gamma_H_3","mu_gamma_H_4","p_G_D","p_G_D_2","p_H","p_H_2","p_H_D","p_ICU","p_ICU_2","p_ICU_D","p_NC_15_24","p_NC_25_49","p_NC_50_64","p_NC_65_79","p_NC_80_plus","p_NC_weekend_15_24","p_NC_weekend_25_49","p_NC_weekend_50_64","p_NC_weekend_65_79","p_NC_weekend_80_plus","p_W_D","rel_p_D_alpha","rel_p_D_delta","rel_p_D_omicron","rel_p_H_alpha","rel_p_H_delta","rel_p_H_omicron","rel_p_ICU_alpha","rel_p_ICU_delta","rel_p_ICU_omicron","rho_pillar2_tests","seed_date_alpha","seed_date_delta","seed_date_omicron","start_date","ta_alpha","ta_delta","ta_omicron"
"east_of_england","alpha_admission",0.00018447247903011,0.000663750419281607,0.000191981490647058,-5.08234107978561e-05,1.23919186826181e-05,3.42163298709854e-05,-5.30911098543311e-05,4.03221788465747e-05,-3.09535869223712e-05,2.55773234417338e-05,-1.71983241456257e-05,-2.62725206440206e-08,-5.92561808403276e-06,1.79010614295176e-05,-1.88667864096034e-05,0.000299310001052233,-1.73856111213066e-06,-1.3404984735229e-05,-7.68183546036963e-06,-2.17979410698667e-05,-5.90806873715879e-06,-7.28110789341467e-06,-1.37922629885404e-05,2.26086661788739e-06,-2.78808946440424e-05,5.93557928247058e-06,-1.21539484677487e-05,-1.61826447332281e-05,-4.09765094736239e-06,-1.09507070873838e-05,5.49343984929675e-06,-4.51325405931483e-06,-3.73125209140315e-06,9.35131720888889e-06,2.13059326287227e-06,1.46710807817256e-07,-1.0658562519184e-05,1.39144450126262e-05,1.77867189389046e-06,-2.47796253510538e-05,-0.000347569092519686,-4.40977394846732e-05,-0.000361776038887749,5.18285951353253e-05,-0.000187014867385917,0.000452796882264599,-0.000317821197999167,-0.000424023985184399,6.12862001867567e-05,0.000333912890940755,-2.14325557287649e-05,-0.000101848424618277,-0.000117746493924839,0.000355686880302541,-6.64252730468665e-05,2.19669887341507e-06,-0.000549547361427094,-1.41008193145828e-07,-5.53824056739771e-07,3.3914690380018e-06,1.84356910727739e-06,6.50154192605153e-06,-3.96660922434542e-07,6.67222099846157e-07,3.58115835804857e-07,1.83573673560319e-07,1.10278302342093e-07,-0.000234440191816831,7.87799512554759e-05,-0.000262125092999058,0.000798403668410941,-3.58285143966364e-06,-5.68874774253583e-05,2.19472036662145e-05,-0.00031322838967804,-0.000109057200440218,3.40885791269417e-05,9.57996454789729e-07,0.00527681354861789,-0.00354556151071189,-0.00413851430348433,0.0143674881163578,0.000235297982202464,0.000366472515421584,-0.000364223496101473
"east_of_england","alpha_D",0.000663750419281607,0.00824247967644735,-0.00063647859375116,-0.000210113303885257,-5.62473962931986e-05,0.000260257084034615,-0.000247453749315426,0.00011284730174728,-7.01421652702701e-05,3.68286506363993e-05,-4.09040118730009e-05,1.33478139025104e-05,-1.96235820784593e-05,0.00015650957072698,-0.000154671462785592,0.000951475202003618,9.30190372241936e-05,-0.000209814358412401,0.000361013163021651,-0.000322477786781124,7.29861986288916e-05,-6.2252625844279e-05,-3.97037497987758e-05,0.000122259681106805,-0.00017860748151596,3.58672722921609e-05,-4.79005595345566e-05,-1.19594314361495e-05,6.26365934299506e-06,3.87800619952545e-05,5.26670806190179e-05,-7.19687602524157e-05,7.78550498905992e-05,3.8438292660937e-05,1.20761603917977e-05,5.14045493382927e-05,-9.75193983705093e-05,1.19756608878351e-05,0.000142438580564532,-0.00023201703001002,0.00131734917698698,-0.00338472632755224,-0.0015136341295455,0.00107314565956527,-0.00055246340596185,0.00151547601401344,-0.00385103021921333,-0.00310972366514641,0.00198155890883869,0.00109266060872764,-0.000547679038767294,-0.000818755998634377,0.00027703285521703,0.00210291084338441,-0.000131820548982751,-0.000119994323408528,-0.00621651336330241,4.54048313817754e-06,-1.56193335124582e-06,1.10268427226757e-05,1.1994040918579e-05,5.55948404015391e-05,2.03356007012992e-07,7.00205372823926e-06,6.79157397017361e-06,1.90771830890404e-06,1.35991599716696e-06,-0.00438890073708526,0.00486586902568066,-0.00198351983350866,0.00850470714284089,-0.00106697390394527,7.32609300945639e-05,0.000373876685390377,-0.00104715686575854,-0.00324933756386593,0.000627851045721343,2.74018963889061e-05,-0.00807762172303642,-0.0754536774208689,-0.0343152003927095,0.0104507324092789,0.000697275816972884,0.00138122244297117,-0.00337589569008282
"east_of_england","alpha_death_hosp",0.000191981490647058,-0.00063647859375116,0.0014423168882192,-0.000193718497679189,8.11900595270879e-05,-5.39138047811126e-07,-0.000101816614493068,0.00013025997307587,-0.000100100716874933,8.6379723174524e-05,-3.23266868049455e-05,-8.48261718620021e-06,-5.05431718769137e-06,-1.46012729800779e-06,6.77244476481011e-06,0.00095574570221542,-4.98302565139399e-05,5.81414550639927e-05,-0.000213018169002033,5.39400090149829e-05,-3.81584233880487e-05,3.89511304447139e-06,-3.10952438872086e-05,-4.89251000030359e-05,-4.06383528796684e-06,1.64707846587262e-05,-2.79123833329948e-05,-4.9053940105374e-05,-6.06111680755626e-06,-4.37842466998497e-05,3.74916001340388e-06,4.04757162267991e-05,-6.03089283484619e-05,9.6856512542333e-05,1.67239356408784e-06,-2.81846067099731e-05,8.51642051306958e-06,3.28487989054023e-05,-3.41638652436515e-05,2.54674705260001e-05,-0.00247348767072494,0.00166012440314451,-0.00151499316641167,-0.000519980834056025,-0.00127809791189164,0.0023757987595496,0.000502590177241611,-0.0011267264700251,-0.000726513623250808,0.000565266922261488,0.000191412936099839,-0.000222474879627022,-0.00165099971662211,6.70762319830525e-05,-0.00028951309099782,0.000199050732722333,0.00118054954423379,-4.21274443429185e-06,6.6013666454257e-09,1.06400506715823e-05,3.25246777989874e-06,5.85642177145673e-06,-5.44863164808575e-07,1.89661744505262e-06,-2.35769799991863e-06,6.44409724569959e-08,2.14853596563934e-06,0.00370796740118821,-0.000123827697077915,0.000199483754913322,-0.000404889541246561,0.000327963511835097,-0.000138649458918209,0.000941173472222732,-0.00116550607225372,0.000647163098903717,-0.000169553425689629,-1.17028699144701e-05,0.0211449585377023,0.0167376113625339,-0.00822160472359157,0.0637177884414977,0.000555204190768168,0.000697508802562555,-0.000423327911722195
"east_of_england","alpha_H",-5.08234107978561e-05,-0.000210113303885257,-0.000193718497679189,6.15478991239029e-05,-3.26448414214547e-05,-1.27218206361103e-05,3.27735807556475e-05,-2.80278336756392e-05,1.78458505705923e-05,-1.70337335860676e-05,5.6255138247944e-06,2.4023562775204e-07,-1.03404323768356e-06,-9.66040156793301e-06,9.45712695210304e-06,-0.000168126456695365,-2.77476874720252e-06,6.28269244726148e-06,3.41421695828592e-06,3.99857466384611e-06,-1.59980812996661e-06,2.36541344606964e-06,2.84163982630825e-06,6.09955014297203e-06,3.79029947069217e-06,-1.1008069344997e-05,2.17776563046426e-06,8.74929481161479e-06,-1.34798431048612e-06,-2.26166836724312e-06,-5.7911107904929e-06,-1.02517160185709e-06,-5.20741747530961e-07,-5.09820763067816e-06,1.5583774453017e-06,5.58968154122009e-07,4.69367857824715e-06,-5.21888596706901e-07,-5.59285934313264e-06,2.37357522630935e-06,6.54130667860921e-05,-2.81099930806151e-05,0.000368257047151837,-2.7449597099844e-05,0.000329195399214371,-0.000152370681702642,-0.000224256745413212,0.000446943464316758,9.59109734590209e-05,-3.88136311515724e-05,-5.04987487638427e-06,1.99779424392963e-05,0.0002595436496257,-9.9496541875425e-05,3.23681983067571e-05,-2.21381814792406e-05,0.000347444392281802,4.30519886322594e-07,4.41025143212097e-07,-2.43083182056238e-06,-1.30073993418081e-06,-3.43490201584189e-06,2.24192429518478e-07,-3.67314439902521e-07,-2.97524992713537e-07,6.59654335977953e-08,1.79875471582774e-07,-0.000635918221976405,-0.000503053062661238,0.000102263738505954,-0.000161954286335028,0.00033347904142755,-0.000121776811024185,-0.000328980540769255,8.0720642099649e-05,0.000264903467465264,-3.94685856757415e-05,4.22157082913043e-07,0.000367535506772224,0.00196899863351997,0.00423681987645161,-0.0166588298152655,-2.20468292346899e-05,-0.00015181563786553,0.000287450341991249
"east_of_england","beta1",1.23919186826181e-05,-5.62473962931986e-05,8.11900595270879e-05,-3.26448414214547e-05,5.67411641656955e-05,1.52438473407742e-06,-1.58602068288214e-05,1.30652429940795e-05,-6.01132028582839e-06,6.23937930852903e-06,5.17578883064898e-07,-1.1683160027312e-06,2.5530186258829e-06,-1.1945806162688e-06,-2.79265620362345e-06,9.43135499599147e-06,1.74335742226469e-06,-5.04955097414698e-06,-5.73332545443807e-06,8.69278118973021e-06,-2.58956634760361e-06,-3.54738174197565e-06,2.52126847604851e-06,-1.70749404301573e-05,4.50496266155611e-06,5.06801241288908e-06,3.89147565666691e-06,-8.23532959928181e-06,-4.41149991589574e-06,2.91402870947529e-06,7.80734829162036e-07,-2.56644702643579e-06,2.88941731169167e-06,-2.13795399077531e-05,-3.05200429094387e-06,-4.51768785663224e-07,-9.65366236720464e-07,-4.34316171391518e-06,1.48398324155381e-06,6.51769658691063e-06,0.000105969415570726,5.4942250994997e-05,-7.24826748782259e-05,1.67685005225085e-05,-0.0002389789003762,-0.000481155995446184,0.000539597445803286,-0.000178155873091603,-0.000166179432324717,-5.72304115460854e-05,3.05651630885601e-05,0.000120066790653383,0.000188756466270628,5.90476300048699e-05,1.83521529737703e-05,4.56029477219798e-07,-0.000257920577934257,-4.62092238769966e-07,-8.85036905409558e-07,9.21545677911784e-07,2.49442246075974e-07,-8.86071058071418e-07,-5.35712103789211e-07,-7.51518641236885e-07,3.68736310791496e-07,-1.44403008491676e-07,-7.80622975828108e-07,0.000451582706773035,-0.000199781443311815,8.41293852927066e-06,-0.000263678541522396,-0.000465258517345251,0.000115809934111757,-2.8011097228325e-05,7.35336944376493e-05,-7.68590762192378e-05,-1.68003598160235e-05,-1.03203097712468e-06,-0.00037668528991171,0.00618321170788361,-0.00184899232244718,0.0173088970032567,-6.0196536476183e-05,0.000135543940709525,-3.05195457319728e-05
"east_of_england","beta10",3.42163298709854e-05,0.000260257084034615,-5.39138047811126e-07,-1.27218206361103e-05,1.52438473407742e-06,1.41166824842197e-05,-1.47586047780463e-05,7.4849760951706e-06,-5.31103919570526e-06,4.63158206644353e-06,-3.67643596502227e-06,6.84960853658762e-07,-1.18669820568427e-06,7.02263313736231e-06,-6.69990566087955e-06,5.34468412018934e-05,2.62345778573539e-06,-8.20204279738818e-06,1.2209843715413e-05,-1.4225601694167e-05,2.61324198676028e-06,-2.82762843988926e-06,-2.8526651271711e-06,4.5790879954351e-06,-9.10256729721309e-06,2.39081540279276e-06,-2.23007939794747e-06,-1.84037046140256e-06,-3.59874494068207e-07,2.33461453323094e-07,2.50068839746526e-06,-3.57127553783786e-06,2.33734037384398e-06,1.51823068241572e-06,3.12166129654231e-07,2.20854552450305e-06,-4.68578372642214e-06,1.73132611482236e-06,6.40416275072924e-06,-1.27480241667701e-05,5.12998494537122e-05,-0.000125641339559769,-9.1911371991688e-05,4.70565350464919e-05,-1.47282436108701e-05,6.14218845379723e-05,-0.000124738029924124,-0.000145714598575862,5.62186761750899e-05,7.29333406793265e-05,-2.08202718501721e-05,-4.23825057751145e-05,-4.03093947807412e-05,8.98609872714494e-05,-6.13735716403598e-06,-7.26933942611368e-06,-0.00027178736530647,1.92969595361111e-07,-1.15102433177876e-07,7.69168284300395e-07,6.38158793588333e-07,2.36510783137057e-06,-1.98274872601031e-08,3.6488055613262e-07,2.8688918013347e-07,3.28382903907632e-08,-4.08552031797745e-08,-0.000166994728152874,0.000236261260415958,-9.69654245231584e-05,0.000261921866097778,-3.85706224130673e-05,1.67025592088787e-05,5.92463964262811e-05,-3.66607770682946e-05,-0.000132038778486065,3.56185362987052e-05,9.95513246414766e-07,2.38560137953583e-05,-0.00304016658115667,-0.00153007117933861,0.00194388243576903,4.1841877336218e-05,8.401022115906e-05,-0.000142630601695665
"east_of_england","beta11",-5.30911098543311e-05,-0.000247453749315426,-0.000101816614493068,3.27735807556475e-05,-1.58602068288214e-05,-1.47586047780463e-05,2.60173327932744e-05,-1.99090568607972e-05,1.36055738155463e-05,-1.14529934440581e-05,5.70914918075636e-06,1.16658768999046e-07,1.22815618082694e-06,-7.8965997959598e-06,7.97477113432822e-06,-0.000124055654943351,-8.3599895987152e-08,6.3008154576413e-06,2.13698279439201e-06,9.05372891655505e-06,5.70416690509096e-07,3.48596523879244e-06,4.52172875312476e-06,1.60489945583477e-06,9.12928094559335e-06,-4.33984551754843e-06,3.70457223171543e-06,7.01187181325976e-06,1.37776571229023e-06,2.09828176832305e-06,-2.9224073633236e-06,1.10329818340218e-06,1.02005972881753e-06,-3.31008891271735e-06,5.19879778926618e-08,-1.9572809718734e-07,4.14616507805364e-06,-2.94499754219891e-06,-4.21019110109915e-06,9.464584709499e-06,9.12840966252323e-05,7.07647656637407e-06,0.000221589961350819,-2.04414278112167e-05,0.000169964798836103,-0.000149517651896037,-9.25866827596877e-07,0.000259227636981295,1.18748641988947e-05,-9.91768336769447e-05,5.95894666376121e-06,3.38378371823452e-05,9.81779276931426e-05,-0.000119108648579121,2.76667853258792e-05,-6.55938357783427e-06,0.000280028849108852,1.8883192238366e-07,2.79809000846232e-07,-1.66994888333336e-06,-9.29292087590679e-07,-2.70677294261246e-06,1.63052153554444e-07,-3.48008630272203e-07,-2.3261875003683e-07,-2.74187826419986e-08,6.91166777358376e-09,-0.000152335259390276,-0.000232315906738771,0.000110821091556881,-0.000308215980173531,0.00012840233231143,-2.71171166336782e-05,-0.000105946063791609,0.00010120114078622,0.000120603685313172,-2.18446023282134e-05,-6.96024574075814e-08,-0.00137587496327188,0.00154322204848563,0.00256156215219042,-0.00917284109267777,-7.0845903921595e-05,-0.000162620714543159,0.00019323304836908
"east_of_england","beta12",4.03221788465747e-05,0.00011284730174728,0.00013025997307587,-2.80278336756392e-05,1.30652429940795e-05,7.4849760951706e-06,-1.99090568607972e-05,2.00120645308254e-05,-1.44368715080361e-05,1.05621806421937e-05,-4.47701015227504e-06,-1.02094273013588e-06,-1.53585954495921e-06,3.93809936742373e-06,-3.92312620680032e-06,0.000131374087223144,-4.17555505097444e-06,-1.11707445284846e-07,-1.56782335986436e-05,-2.46044917995993e-06,-3.85317828381778e-06,-2.16057444836825e-06,-5.27995170490864e-06,-4.01803274760201e-06,-6.61697299741779e-06,2.11525805634698e-06,-4.75997287764992e-06,-7.57164727566366e-06,-2.01863240768669e-06,-5.16154043164877e-06,1.13689384181419e-06,1.93490213087007e-06,-5.34855208019845e-06,7.26437303155867e-06,4.53852099404002e-07,-1.66318891334165e-06,-1.16742134129146e-06,3.83690018292881e-06,-9.9877847021539e-07,-2.72543230121245e-06,-0.000232370483753281,0.000109682555402874,-0.000212810634840731,-3.47736453287862e-05,-0.000188901609562947,0.000248336061122158,1.62648775179911e-05,-0.000192028925309129,-3.86846157872872e-05,0.000101048483259792,6.9643094747934e-06,-3.86238224593738e-05,-0.00015384629661411,7.03707246612199e-05,-4.61846993954051e-05,1.71552076398791e-05,-9.09158869835131e-05,-4.01915211177681e-07,-1.31445978036128e-07,1.56898306391503e-06,6.88298278750666e-07,1.61882024968251e-06,-1.07961696810661e-07,2.92862714190889e-07,-2.4439122786786e-09,7.68935968503015e-08,3.09554920355183e-07,0.000288307129775911,0.00011195845837726,-5.74009601544249e-05,0.000240505119293251,-1.8716577129892e-05,-1.37282293363656e-05,0.000102698950008721,-0.000155184127101594,2.52754497673429e-05,-1.11462090143715e-05,-8.5303852692847e-07,0.00327999653724927,0.00039879717756572,-0.00177446944251757,0.00863737748174032,9.88719403865873e-05,0.000148956159785993,-0.000128721648909044
"east_of_england","beta13",-3.09535869223712e-05,-7.01421652702701e-05,-0.000100100716874933,1.78458505705923e-05,-6.01132028582839e-06,-5.31103919570526e-06,1.36055738155463e-05,-1.44368715080361e-05,1.11561851988995e-05,-8.06319305850796e-06,3.81332572062993e-06,8.23297425434553e-07,1.59386565205879e-06,-2.41838786769252e-06,2.16604802841169e-06,-0.000103138698815642,4.35476235866443e-06,-1.08057472415105e-06,1.38270795465516e-05,2.41561282417908e-06,3.54835299789164e-06,1.41017995971793e-06,4.79543076783631e-06,2.27635777359614e-06,5.67724411080952e-06,-5.70983819839037e-07,4.22569839626652e-06,5.62107212530498e-06,1.79945247688929e-06,5.12680982405219e-06,-3.10756995498684e-07,-1.87584302555408e-06,5.14204590379866e-06,-7.31190436428208e-06,-6.44330989430597e-07,1.44909809204301e-06,5.5447298895512e-07,-3.72339714912369e-06,1.52646081182746e-06,2.57066568533499e-06,0.000215771839460384,-9.34863793056212e-05,0.000150694059256209,3.99814053499228e-05,0.000115937956293293,-0.000227171902074149,3.27806330484361e-05,0.000113249273087264,2.16239202609838e-05,-9.33174542294967e-05,-4.94665181765072e-06,3.89522743404461e-05,0.000132452653160634,-4.87952185617228e-05,3.85066885375689e-05,-1.30592678445243e-05,2.66058504655076e-05,2.97946326909808e-07,3.9780240209264e-08,-1.14857072023086e-06,-4.79837026398595e-07,-1.13424028112208e-06,5.23122519212312e-08,-2.7529887022029e-07,7.2632605711301e-08,-6.67643495053819e-08,-2.98796814965201e-07,-0.000179815419594082,-6.47300341298073e-05,3.09745679255382e-05,-0.000154266152124897,-4.47046386699432e-05,2.68334370695142e-05,-6.64322781268536e-05,0.000135348164789808,-5.89451034915954e-05,1.11166082311653e-05,7.10919168203938e-07,-0.00297180731218905,-0.000445051171173835,0.00104135096330762,-0.00544590323620862,-8.96452667489104e-05,-0.000112682711478451,8.15656501254144e-05
"east_of_england","beta14",2.55773234417338e-05,3.68286506363993e-05,8.6379723174524e-05,-1.70337335860676e-05,6.23937930852903e-06,4.63158206644353e-06,-1.14529934440581e-05,1.05621806421937e-05,-8.06319305850796e-06,7.96813235343624e-06,-3.96303252929173e-06,-9.08137634141296e-08,-5.51116307007386e-07,2.67209715559001e-06,-2.32676485385756e-06,7.57351782663262e-05,-1.52417228452875e-06,3.57368979822174e-07,-7.48207242971607e-06,-1.12575697935987e-06,-1.27528499986961e-06,-4.83437480245879e-07,-2.73429521555515e-06,-1.55685858496739e-06,-2.94700168490214e-06,2.43452330060458e-06,-2.20818633051995e-06,-3.78279967270947e-06,-1.96197141039013e-07,-2.08445291070403e-06,1.22609611266628e-06,1.10562372335703e-06,-2.09451773950418e-06,4.35236698007557e-06,4.65841350162295e-08,-1.03064006112306e-06,-1.03003702895218e-06,2.3637635238613e-06,1.42019442422469e-07,-2.26660779577589e-06,-0.000119467242697272,4.71070590293465e-05,-0.000119627370982703,-1.2058226057913e-05,-7.27148148770245e-05,0.000124907332762649,1.58766884142838e-05,-9.70222812650384e-05,-3.47417752417362e-05,5.47530090650738e-05,3.97401359285364e-06,-2.04424473494985e-05,-0.000108388005185599,4.25078588125649e-05,-2.02700959819585e-05,6.91263304747196e-06,-4.43289490282206e-05,-1.80121496711634e-07,-1.01892716498719e-07,9.35803407367076e-07,4.22189417343986e-07,1.1115931407396e-06,-7.64445657683635e-08,1.9804127606321e-07,-3.30568602607977e-08,-2.41959981571904e-08,-1.41632721095693e-08,0.000150043189185088,9.11668633678594e-05,-2.42739903408342e-05,1.9231582219424e-06,-2.93760158871148e-05,1.46534365603176e-05,8.32288277375658e-05,-5.65852859563446e-05,-2.21284183503537e-05,1.06817012083502e-05,-3.45194490974373e-07,0.000833722841691316,-0.000199810226160369,-0.00102151801283318,0.00483273931694849,3.64167326448208e-05,6.73968074492238e-05,-7.3251633570503e-05
"east_of_england","beta15",-1.71983241456257e-05,-4.09040118730009e-05,-3.23266868049455e-05,5.6255138247944e-06,5.17578883064898e-07,-3.67643596502227e-06,5.70914918075636e-06,-4.47701015227504e-06,3.81332572062993e-06,-3.96303252929173e-06,3.12690332984717e-06,-2.01480668739588e-07,7.74668057882082e-07,-1.90727855808579e-06,1.6444260618363e-06,-3.74374660346818e-05,6.84466636612361e-07,2.36736460578423e-07,2.22670528833526e-06,2.1161524989845e-06,4.92961374100049e-07,2.78425805046497e-07,1.83546934534075e-06,-8.25896442011953e-07,2.69076912304839e-06,-7.74909502339677e-07,1.4432218931643e-06,1.47522523307384e-06,-1.27691314393349e-09,1.62691438181595e-06,-7.39893870601304e-07,1.40505720693333e-07,9.29816345896783e-07,-3.23376822546501e-06,-2.97872321497163e-07,2.16282213260619e-07,1.10493844683545e-06,-2.20584480796521e-06,-5.02697533842928e-08,3.19321801313603e-06,6.79759587514835e-05,-4.97646800497575e-06,4.94673786905369e-05,3.07172923689303e-06,3.03312969620595e-06,-0.00010649685551367,4.61892134823067e-05,3.03908887711658e-05,1.93536371233809e-06,-3.94866943343569e-05,9.05339425886195e-07,2.15226921911781e-05,5.8018557985645e-05,-3.88411796445871e-05,1.02132007339823e-05,8.74295540463325e-07,1.87227062419519e-05,9.62081200900581e-09,1.47141363765419e-08,-4.05628569829502e-07,-2.10875420799971e-07,-8.11764223197584e-07,1.35361957650382e-08,-1.49396602788174e-07,2.08084787813757e-08,-5.02502050879028e-09,5.25469032015336e-10,4.00838425030758e-05,-3.5756227004105e-05,2.10522982724962e-05,-2.77931940502562e-05,-1.69307511634995e-05,-4.09228697971369e-06,-2.90439456845065e-05,2.2834191846738e-05,1.24948697060589e-05,-9.49802345256578e-06,-1.13952307950587e-07,-0.000554763726929039,0.000773307964876742,0.00034661408116002,-0.00124416912257373,-2.92151612108432e-05,-2.89066559109393e-05,3.50116933992876e-05
"east_of_england","beta16",-2.62725206440206e-08,1.33478139025104e-05,-8.48261718620021e-06,2.4023562775204e-07,-1.1683160027312e-06,6.84960853658762e-07,1.16658768999046e-07,-1.02094273013588e-06,8.23297425434553e-07,-9.08137634141296e-08,-2.01480668739588e-07,3.52922425056548e-07,1.72814224251527e-07,6.88964399674799e-07,-5.1648934148857e-07,-4.81108960219172e-06,1.17605809902638e-06,-7.9377330082948e-07,3.28618092056858e-06,-9.27474350120494e-07,1.0429949064678e-06,1.52462458026778e-07,4.5482083040942e-07,1.0240726558147e-06,1.84712089978171e-07,6.43482116602128e-07,3.26333263167148e-07,7.5958205173575e-07,6.60943754797326e-07,9.8808289313047e-07,4.82050447373624e-07,-4.79986976226608e-07,1.15927660171642e-06,-6.95675392003616e-08,-5.23999203086638e-08,3.33083740935421e-07,-5.18580985751459e-07,-2.11197922094074e-07,9.84326453742763e-07,-9.79846015721416e-07,2.59114601698277e-05,-2.85009885649263e-05,7.62446227070633e-06,1.05440364573112e-05,1.68614596342572e-05,-8.36251774071973e-06,-1.2170746491343e-05,-2.16519551534208e-06,5.66818066516535e-06,-5.86496966893696e-06,-2.48568822872345e-06,-3.04785108518302e-07,-7.00523096937898e-07,6.97493100998087e-06,4.83850682402099e-06,-2.71883545094083e-06,-1.76758871071018e-05,6.79496404666358e-08,7.20803476013716e-10,-3.81802904543133e-08,2.60780607585303e-08,2.10870517577546e-07,1.58993198515331e-08,1.37148192200944e-08,2.87299147729062e-08,-1.17518335338818e-08,-6.91852267196535e-08,-4.46475583531453e-05,1.82024093176933e-05,-4.76662256889554e-06,-6.9387307938142e-06,-1.81925636224104e-05,1.11470356160643e-05,1.31011834424264e-05,1.97142235478912e-05,-3.46215355634635e-05,7.51747845278438e-06,2.34886440363691e-07,-0.000730304024106917,-0.00055561583195918,-7.82416421336695e-05,-0.000463908911923137,-1.33531518952824e-05,-1.14504858373504e-05,-8.98375248723958e-06
"east_of_england","beta17",-5.92561808403276e-06,-1.96235820784593e-05,-5.05431718769137e-06,-1.03404323768356e-06,2.5530186258829e-06,-1.18669820568427e-06,1.22815618082694e-06,-1.53585954495921e-06,1.59386565205879e-06,-5.51116307007386e-07,7.74668057882082e-07,1.72814224251527e-07,8.45665191637373e-07,-3.80523756591678e-07,2.63330139812586e-07,-1.62543047910979e-05,1.39331999717949e-06,-2.91724998505166e-07,2.70674686323069e-06,1.15625976931984e-06,1.15513777142207e-06,3.664971322274e-07,1.44088291672853e-06,-6.19023376059029e-07,1.96290741482418e-06,1.14868720079932e-06,1.21338738080929e-06,8.0359895811816e-07,6.81260972346411e-07,1.92801496349531e-06,4.7713298473517e-07,-1.61231124201989e-07,1.55400021459916e-06,-2.0399218416717e-06,-4.33097425865714e-07,2.08335163089708e-07,-1.81784152759204e-08,-1.2940074672714e-06,7.33278950355225e-07,1.55692971491925e-06,6.15294235893827e-05,-1.10145098545394e-05,1.32383638053978e-05,1.84165401933912e-05,2.51021061433032e-06,-7.27578032008253e-05,5.43782451950153e-05,-8.24159887646578e-06,-1.37174404736288e-05,-2.80954051035771e-05,2.04873265010935e-06,1.4414931585418e-05,1.52779021655023e-05,-1.45599395222982e-05,9.31024118087255e-06,-1.07031150927727e-06,-1.68756450647981e-05,1.96549882151372e-08,-4.03913586636327e-08,-9.69287285142906e-08,-2.58932790908221e-08,-1.1203214993982e-07,-1.36915471674956e-08,-8.19647774326257e-08,3.6959803593225e-08,-3.60328772847745e-08,-1.21751417026113e-07,4.51357043740482e-05,-5.40779070555546e-07,7.07025145013216e-06,-6.75741694963687e-05,-6.17954486725746e-05,2.54404111977673e-05,1.36454494241436e-05,3.97985924646925e-05,-4.57516715503688e-05,7.92855256148295e-06,5.73409643304964e-08,-0.00108816944933948,0.000100729278241194,-0.000123477229895722,0.000301655094470622,-3.07573214067393e-05,-2.03887081286017e-05,2.92085403919049e-07
"east_of_england","beta18",1.79010614295176e-05,0.00015650957072698,-1.46012729800779e-06,-9.66040156793301e-06,-1.1945806162688e-06,7.02263313736231e-06,-7.8965997959598e-06,3.93809936742373e-06,-2.41838786769252e-06,2.67209715559001e-06,-1.90727855808579e-06,6.88964399674799e-07,-3.80523756591678e-07,5.4128488462451e-06,-4.88652784238154e-06,3.28375840572494e-05,3.21138109578202e-06,-5.33565638545627e-06,9.7618602320404e-06,-6.92313966321688e-06,2.44369432744257e-06,-1.04305212474731e-06,-9.56655252962992e-07,3.37403931648875e-06,-3.56267780724559e-06,2.23268406168542e-06,-8.16046961598426e-07,-3.99355341831036e-07,1.19108832015688e-06,1.62092732734403e-06,1.90352836331752e-06,-1.49870977615516e-06,2.32307954669645e-06,1.63185725007919e-06,-2.47475458010383e-09,1.14931293920467e-06,-2.61532418464199e-06,2.71352517065391e-07,4.12905761070341e-06,-5.95813532673375e-06,3.52526986385272e-05,-9.26935426211024e-05,-6.67825771884523e-05,2.76009842819744e-05,-2.46115739413686e-05,6.16199257439391e-05,-7.0527507466975e-05,-9.13571932456104e-05,3.58106409449766e-05,2.03939960151835e-05,-1.49348744423717e-05,-2.17619563400176e-05,-4.12160576456891e-05,6.01276036293121e-05,-3.96834473858765e-06,-2.26279570916765e-06,-0.000162610796786884,1.25356151408489e-07,-5.64648408620486e-08,4.20842904485626e-07,3.7445564410878e-07,1.51794528834199e-06,5.72709618918036e-09,2.32811246761888e-07,1.70770280313167e-07,-2.48024469685867e-09,-7.68202664081048e-08,-8.0282337427118e-05,0.000218807275667549,-6.69768699276075e-05,0.000173718268382785,-4.90565123438738e-05,2.13965190596549e-05,6.90514066223573e-05,-1.21743864781384e-05,-0.000113030480342181,2.36612284654459e-05,6.92478438065775e-07,-0.00087195710492667,-0.00287568395754599,-0.00101432249289652,0.000923295412579709,3.68308812064556e-06,2.5872814705409e-05,-9.69631672269531e-05
"east_of_england","beta19",-1.88667864096034e-05,-0.000154671462785592,6.77244476481011e-06,9.45712695210304e-06,-2.79265620362345e-06,-6.69990566087955e-06,7.97477113432822e-06,-3.92312620680032e-06,2.16604802841169e-06,-2.32676485385756e-06,1.6444260618363e-06,-5.1648934148857e-07,2.63330139812586e-07,-4.88652784238154e-06,5.28146829564104e-06,-2.52771061846718e-05,-3.47554017701986e-06,6.15401846654978e-06,-1.00931322714183e-05,6.09558849691346e-06,-1.92251698756236e-06,1.45444230173716e-06,7.57267286869637e-07,-2.15098236362569e-06,3.51705190586125e-06,-2.06888769869647e-06,4.21097183442728e-07,1.01787803607336e-06,-4.36994132888445e-07,-1.71985848109775e-06,-1.75048916372793e-06,2.27137399847135e-06,-2.70260283004912e-06,1.60433360595392e-06,1.43252189978116e-07,-1.09852360265381e-06,2.53571461807754e-06,1.40592529287565e-08,-3.61757236330128e-06,5.06903725410663e-06,-6.02183948582339e-05,9.00672813059805e-05,4.97467794512096e-05,-3.54579307469487e-05,2.92414207139625e-05,-6.7075646069241e-06,3.08433872178331e-05,7.71420052325112e-05,-2.70598132663881e-05,-1.42715532579534e-05,1.21975907529873e-05,7.86662312866636e-06,-5.65292394360084e-06,-6.45718270711918e-05,1.09129967966812e-06,3.8054737987127e-06,0.000183775391965386,-9.77490899718795e-08,1.54577153416898e-07,-3.8251133744914e-07,-3.17221859246013e-07,-1.33554301250754e-06,6.26341920798694e-08,-1.12799423563154e-07,-2.10830039340738e-07,1.90213413862824e-08,1.47426562442323e-07,9.04323146590071e-05,-0.000161406741949062,7.00027028586251e-05,-0.000164365990441926,8.1753973724996e-05,-2.71899819183309e-05,-3.56449398842539e-05,1.58511007366125e-06,0.000106367932983303,-2.04449276299649e-05,-6.93003092949125e-07,0.000663689278408597,0.00230284584348325,0.000961406442979814,-0.00179242149434042,-5.92963361901886e-07,-3.38312136009623e-05,8.5045041616407e-05
"east_of_england","beta2",0.000299310001052233,0.000951475202003618,0.00095574570221542,-0.000168126456695365,9.43135499599147e-06,5.34468412018934e-05,-0.000124055654943351,0.000131374087223144,-0.000103138698815642,7.57351782663262e-05,-3.74374660346818e-05,-4.81108960219172e-06,-1.62543047910979e-05,3.28375840572494e-05,-2.52771061846718e-05,0.00107907958725855,-3.27807583930854e-05,9.47658923332077e-06,-0.00011480463369611,-2.97283082320543e-05,-2.50217480075076e-05,-8.80536163305085e-06,-4.62727413996928e-05,-9.41361029829471e-07,-5.31337113240954e-05,9.35456068159961e-06,-4.49189730347763e-05,-4.34019755775215e-05,-6.0985646036424e-06,-4.35873395100511e-05,7.60897155291342e-06,2.0727674638082e-05,-4.55325776229191e-05,0.00010415199072802,9.06427778363607e-06,-1.39698174801215e-05,-9.89789305602651e-06,3.99427856310706e-05,-8.07191726241213e-06,-3.56489295372744e-05,-0.00232978741194192,0.000638133367835973,-0.00154310374343548,-0.000451487077737639,-0.00105612338730986,0.00294096291602953,-0.00093864517801997,-0.00119638166156949,-3.37595572068563e-05,0.000890119748077453,1.0080689147299e-06,-0.000492500497825418,-0.00158720199529691,0.000558710968686456,-0.000386933910313932,0.000142385155336844,-2.62298213731336e-05,-2.34838593842519e-06,4.38671918247351e-07,1.10357735675291e-05,4.98061917615101e-06,1.49892920288506e-05,1.26927221408315e-07,3.74700892112702e-06,-8.98537877671573e-07,7.98890854590691e-07,3.52057296838931e-06,0.00137180270282519,0.00120608251903141,-0.000319392552659393,0.001908542405176,0.000703222098921167,-0.000337607482497051,0.000948864428822806,-0.00149491602293398,0.000428466112691777,-0.0001107955403501,-4.69274434601751e-06,0.0247093164109426,-0.00543224290178714,-0.0106820360272192,0.0428417964782082,0.00083673274554917,0.000899842709374368,-0.00094175157591574
"east_of_england","beta20",-1.73856111213066e-06,9.30190372241936e-05,-4.98302565139399e-05,-2.77476874720252e-06,1.74335742226469e-06,2.62345778573539e-06,-8.3599895987152e-08,-4.17555505097444e-06,4.35476235866443e-06,-1.52417228452875e-06,6.84466636612361e-07,1.17605809902638e-06,1.39331999717949e-06,3.21138109578202e-06,-3.47554017701986e-06,-3.27807583930854e-05,7.12930643714847e-06,-6.06553292991141e-06,1.85685061573408e-05,-3.11323743285261e-06,5.12454446213765e-06,1.7368617400344e-07,3.12602619930223e-06,3.23136057995242e-06,1.88112584511419e-06,3.60104460291698e-06,2.52248711097675e-06,3.15657854890839e-06,2.68587087739241e-06,6.29304813067768e-06,2.52260882752436e-06,-2.9541228497966e-06,6.83713851796871e-06,-4.77842678730956e-06,-7.83335984559778e-07,1.99841247035213e-06,-2.75223422384982e-06,-2.68804082922132e-06,5.3463787111952e-06,-2.32618779371477e-06,0.000202431608773286,-0.000150126127269187,2.09202059144173e-05,6.35732091093889e-05,3.0215712300143e-05,-0.000137117365665575,3.22362381447808e-05,-5.25649127197052e-05,2.00951317241099e-05,-5.93075142820352e-05,-1.26945939676422e-05,1.99445306853542e-05,4.79571212576154e-05,2.67463102574909e-05,2.3290880299377e-05,-9.49288503541739e-06,-0.00015510218310814,2.67644606602828e-07,-1.19738961975884e-07,-2.09780226979516e-07,1.10903845649319e-07,8.43055947652283e-07,-9.38034055123337e-11,-4.22003764296664e-08,2.6774874709132e-07,-6.60065431763017e-08,-3.54864612771703e-07,-0.00010809248219763,0.000159755129131106,-3.74885494306523e-05,-1.02620152231252e-05,-0.000159647778835691,6.4845279431218e-05,5.08165047280208e-05,8.96465457140174e-05,-0.000177925986450561,3.18046271111159e-05,1.07064530676784e-06,-0.00327407659544956,-0.00247267673568872,-0.000667624291440544,-0.000388061621801449,-7.24943007687199e-05,-5.74460451134446e-05,-5.07658917834127e-05
"east_of_england","beta21",-1.3404984735229e-05,-0.000209814358412401,5.81414550639927e-05,6.28269244726148e-06,-5.04955097414698e-06,-8.20204279738818e-06,6.3008154576413e-06,-1.11707445284846e-07,-1.08057472415105e-06,3.57368979822174e-07,2.36736460578423e-07,-7.9377330082948e-07,-2.91724998505166e-07,-5.33565638545627e-06,6.15401846654978e-06,9.47658923332077e-06,-6.06553292991141e-06,1.04350436369835e-05,-2.1100916286003e-05,1.04337549902496e-05,-3.95019474061147e-06,2.4432635969846e-06,-5.48766424375e-07,-2.78364712270511e-06,3.53120021396464e-06,-1.72143036084047e-06,-1.06153556669143e-06,-2.56553208856594e-07,-2.38686066285474e-09,-4.30132329971089e-06,-1.728248092529e-06,4.35301151187533e-06,-5.76636648953085e-06,7.04666889359549e-06,6.47871875115337e-07,-2.69046996881887e-06,3.48304633516306e-06,2.31156486919424e-06,-6.77487089792431e-06,6.82790345848674e-06,-0.000193712291170127,0.000174951088856148,6.84292649423552e-06,-6.14732912605066e-05,-4.74984951636537e-06,0.000148880242467356,1.86649721198609e-05,7.1132927518259e-05,-4.96681778286571e-05,9.98035472414869e-06,2.06173133227777e-05,-1.06258618529124e-05,-8.9925354012456e-05,-6.75989462194218e-05,-1.41183950281174e-05,1.14856506205094e-05,0.000304062083352919,-2.45176274640252e-07,2.43317120604697e-07,-1.01311971455738e-07,-2.93258372109908e-07,-1.293586551335e-06,8.6163445364313e-08,-3.12477163142902e-08,-3.63963180244371e-07,4.50793014334109e-08,3.05177130176097e-07,0.000178958562866333,-0.000214181590750661,7.74953219681548e-05,-0.000138705384504185,0.000154467652779684,-4.99744705244441e-05,4.01834994529357e-07,-4.47111286936096e-05,0.000161189134658287,-3.2529569092463e-05,-1.15172964112064e-06,0.00176013215991658,0.00244535530470458,0.0010502035298978,-0.000967161647324906,2.7962350355757e-05,-3.1571469784034e-05,8.99640691014222e-05
"east_of_england","beta22",-7.68183546036963e-06,0.000361013163021651,-0.000213018169002033,3.41421695828592e-06,-5.73332545443807e-06,1.2209843715413e-05,2.13698279439201e-06,-1.56782335986436e-05,1.38270795465516e-05,-7.48207242971607e-06,2.22670528833526e-06,3.28618092056858e-06,2.70674686323069e-06,9.7618602320404e-06,-1.00931322714183e-05,-0.00011480463369611,1.85685061573408e-05,-2.1100916286003e-05,6.34748962359864e-05,-2.29349430875305e-05,1.55615190321751e-05,-1.53517291061484e-06,6.52523634983226e-06,1.34102388020909e-05,-1.17360268830131e-06,6.25173467534868e-06,5.99669396299014e-06,9.5499374795601e-06,5.46709343367171e-06,1.60327423717941e-05,5.56433537705916e-06,-1.02498303367434e-05,1.86199749249755e-05,-1.43715216034624e-05,-1.72087632127081e-06,7.82269340561429e-06,-7.80329516807203e-06,-7.97008233149483e-06,1.73135124731748e-05,-1.26972339149448e-05,0.000663986776134755,-0.000486302125708557,0.000123013811650757,0.000202710682272612,0.000202252827781003,-0.000439368842137738,-6.86650635112607e-05,-5.98842676720951e-05,0.000134406527869051,-0.000114746759072861,-5.14538287045779e-05,1.80330598811987e-05,0.000142116857559385,5.40941893057943e-05,6.21739227622081e-05,-3.80048949133892e-05,-0.000583122098117252,9.98115453197537e-07,-2.45386827171425e-07,-8.42472685840684e-07,3.43603860182997e-07,2.45554885164297e-06,8.25099370347562e-08,8.54312634907822e-08,8.18966321930688e-07,-1.56423995838255e-07,-8.66225184280782e-07,-0.000559133634578869,0.000511865441593377,-0.00012301715397304,3.10093823610072e-05,-0.000324134760182563,0.000161724025304051,9.95295246006043e-05,0.000263564151613121,-0.000484460704456757,0.000115024228466374,3.45987588715239e-06,-0.00821230201266821,-0.00825523921673954,-0.00141329384296545,-0.0061447066314295,-0.000160652328138606,-0.000122159198424723,-0.000146747255207412
"east_of_england","beta23",-2.17979410698667e-05,-0.000322477786781124,5.39400090149829e-05,3.99857466384611e-06,8.69278118973021e-06,-1.4225601694167e-05,9.05372891655505e-06,-2.46044917995993e-06,2.41561282417908e-06,-1.12575697935987e-06,2.1161524989845e-06,-9.27474350120494e-07,1.15625976931984e-06,-6.92313966321688e-06,6.09558849691346e-06,-2.97283082320543e-05,-3.11323743285261e-06,1.04337549902496e-05,-2.29349430875305e-05,2.46534852103612e-05,-5.25130199456731e-06,3.43821777351555e-06,3.16453825041281e-06,-8.46930652885377e-06,1.12013054185126e-05,-4.06561549927716e-07,2.61137793098388e-06,-6.04045929836001e-07,4.98881929014503e-07,-1.29102876912464e-06,-2.05386830016694e-06,4.33917489428048e-06,-3.16227598678131e-06,-3.53202335526049e-06,-6.81062856380844e-07,-3.78760496849734e-06,4.83781121298287e-06,-6.10701878640579e-07,-8.47153576850137e-06,1.4324530738821e-05,-0.000130420089674728,0.000183904667859068,2.42884534752491e-05,-8.00298457500469e-05,-8.8578457462278e-05,-4.11906040347578e-05,0.000250097237236962,8.71036382741208e-05,-0.000110979391942209,-8.59164927550957e-05,2.86384062025906e-05,6.95978034595455e-05,6.61590476118765e-05,-5.31607933920409e-05,4.79221688931942e-06,1.18314699028781e-05,0.000330477600288169,-3.83045167468493e-07,-1.85694936406659e-08,-4.94494639679678e-07,-6.55778430654041e-07,-2.65833419599965e-06,-1.16443900951297e-07,-5.16778815803415e-07,-3.12401599483153e-07,-6.46109741301695e-08,-1.22638371390327e-07,0.000299407680951932,-0.000245823825903821,8.89224204709702e-05,-0.00025875849198279,-2.48825328154465e-05,-1.63765856486025e-05,-7.27398016845887e-05,2.26773029250439e-05,0.000156719443244691,-5.44232685337413e-05,-1.38461520205368e-06,0.000491046398253326,0.00384296553430284,0.00136483800682975,0.00252825746856542,-4.43462466746209e-05,-7.83244698450914e-05,0.000156322441978999
"east_of_england","beta24",-5.90806873715879e-06,7.29861986288916e-05,-3.81584233880487e-05,-1.59980812996661e-06,-2.58956634760361e-06,2.61324198676028e-06,5.70416690509096e-07,-3.85317828381778e-06,3.54835299789164e-06,-1.27528499986961e-06,4.92961374100049e-07,1.0429949064678e-06,1.15513777142207e-06,2.44369432744257e-06,-1.92251698756236e-06,-2.50217480075076e-05,5.12454446213765e-06,-3.95019474061147e-06,1.55615190321751e-05,-5.25130199456731e-06,5.23714835001895e-06,3.63123039317303e-07,2.34519487067636e-06,4.13978197450106e-06,8.0243162546826e-07,3.1543898368185e-06,1.66849094282302e-06,3.44773666354749e-06,2.70974756462192e-06,5.02373256583904e-06,2.36359706105839e-06,-1.9726688788876e-06,5.08596169669512e-06,-4.82701163813023e-07,-4.63356146632656e-07,1.96394890495548e-06,-2.37234998797176e-06,-1.87123332696328e-06,4.87782252132895e-06,-2.83958065629674e-06,0.000171066083094068,-0.000116537866287852,1.15328100894531e-05,6.14294350060778e-05,4.92978023894155e-05,-7.12036651770264e-05,-1.26054166119199e-05,-5.17401515858504e-05,2.4421880445826e-05,-3.8552957740493e-05,-1.09824440575248e-05,-5.5928790756341e-06,-2.29665814875961e-05,-3.07164988837214e-06,1.66546496275281e-05,-7.25193797841121e-06,-0.000111105346392408,2.6688810779464e-07,1.26251991579553e-08,-1.35376765813867e-07,1.62433128978252e-07,9.17515980018646e-07,8.73131982470063e-08,1.04207159133104e-07,1.91175805079029e-07,-3.26644658178145e-08,-1.77093443292624e-07,-7.44373741563651e-05,0.000162070892810838,-2.48046420807895e-05,-1.80810279157422e-05,-8.67500648355194e-05,5.32707420749986e-05,8.60100049421014e-05,7.55726630312979e-05,-0.00015993253155919,3.54576171227992e-05,8.85836269198266e-07,-0.00274381408688022,-0.00252762309969533,-0.000607173463739697,-0.00161193608806997,-5.12152199404526e-05,-5.56332613732749e-05,-5.44844126889009e-05
