"region","name","alpha_admission","alpha_D","alpha_death_hosp","alpha_H","beta1","beta10","beta11","beta12","beta13","beta14","beta15","beta16","beta17","beta18","beta19","beta2","beta20","beta21","beta22","beta23","beta24","beta25","beta26","beta27","beta28","beta29","beta3","beta30","beta31","beta32","beta33","beta34","beta35","beta36","beta4","beta5","beta6","beta7","beta8","beta9","mu_D","mu_D_2","mu_D_3","mu_D_4","mu_D_5","mu_gamma_H","mu_gamma_H_2","mu_gamma_H_3","mu_gamma_H_4","p_G_D","p_G_D_2","p_H","p_H_2","p_H_D","p_ICU","p_ICU_2","p_ICU_D","p_NC_15_24","p_NC_25_49","p_NC_50_64","p_NC_65_79","p_NC_80_plus","p_NC_weekend_15_24","p_NC_weekend_25_49","p_NC_weekend_50_64","p_NC_weekend_65_79","p_NC_weekend_80_plus","p_W_D","rel_p_D_alpha","rel_p_D_delta","rel_p_D_omicron","rel_p_H_alpha","rel_p_H_delta","rel_p_H_omicron","rel_p_ICU_alpha","rel_p_ICU_delta","rel_p_ICU_omicron","rho_pillar2_tests","seed_date_alpha","seed_date_delta","seed_date_omicron","start_date","ta_alpha","ta_delta","ta_omicron"
"east_of_england","alpha_admission",0.000523871298306719,-0.00144102087684842,-0.000149387295214654,8.46865750724759e-05,2.39271416567421e-05,-1.33111581144707e-06,-9.82195628900082e-06,1.1782904856771e-05,-1.09229980834031e-05,4.17216013810529e-05,-6.97630278551065e-06,-7.48315803219658e-06,9.17765201805147e-06,-2.23948619014259e-05,2.52913071301584e-05,6.75001050310181e-05,-4.21936482345303e-06,-3.01834034675065e-08,1.17274107251081e-06,-3.61550458848277e-05,2.50236235162209e-06,-7.30015174028987e-06,2.2273009395654e-05,-4.74917818694058e-05,2.00955093572346e-05,-8.25610110990959e-06,-6.42576599641245e-06,2.37574424717871e-05,-7.1186670756997e-06,-2.15434139069966e-05,-1.49765520364118e-05,2.15030192228247e-05,2.31988629255464e-05,-0.000105431012103433,-6.84417811565246e-06,2.12151207060037e-05,-1.10496637542076e-05,-1.66215070493388e-05,2.39024419636105e-05,-3.85968415921412e-06,0.000669261047288754,-0.000213215535956091,-0.000207537071076001,0.000481594219262527,0.000357342059913534,-0.00022386990833348,-0.00108374136566778,0.00112047742171836,0.00030067285171132,0.000291922744455986,0.000156974171653931,-0.000150994051014875,-0.00012436192668121,0.000544840254917605,8.57204738085753e-05,-0.00010871745906505,-0.00119884582647428,2.81969403060483e-06,4.19310130635871e-06,9.74368478683511e-07,1.53127632292729e-06,4.49996147739048e-06,-2.41737431658984e-06,-1.42768017724018e-06,7.75005974721886e-07,3.51424114099637e-06,5.31068513144873e-06,-0.00201490624596139,0.000580074166679594,-0.000741837576214749,-0.000588677741841228,-0.000880969192237311,-0.00126192777025358,0.0011450429571952,-0.00093927258847201,0.00225556425159664,-0.000336356389918773,5.68564885995714e-07,0.0248096540324437,0.0375920832314832,-0.005486604708168,0.0109166444554352,0.000251832266939117,0.000305657419063656,-5.26554524868852e-05
"east_of_england","alpha_D",-0.00144102087684842,0.0321073070992475,0.000985468930130027,-0.000303299547267152,-0.000187100442461619,-6.42314966658609e-07,-0.000141197749221572,7.59622487205605e-05,-8.48248638316434e-05,-0.000339109253409602,8.82717286180663e-05,6.81687590729255e-05,-4.0912421066156e-05,0.000238181333080831,-4.46168841146671e-05,0.000175347291874168,-2.92482937622095e-06,3.55919142732532e-05,0.000430151701432213,8.15380397199286e-05,1.2050975708122e-05,-1.9275672565266e-05,0.000111179241655773,0.000141132933653482,0.000243232119133504,-0.000207204743558273,-8.98325666644922e-05,1.40792614902989e-06,-2.25179804017649e-05,0.000405097014528876,0.000108716909872777,-0.000299692083059469,4.06505804771357e-06,0.000285091480747465,0.000199148104602688,-0.000347174926984939,0.000323261463978837,3.34850392968778e-06,-0.000334739921514496,0.000244556754882375,-0.0153760451252437,-0.00589334190386816,-7.61286006362813e-05,-0.00354987040018844,0.00316675346859454,0.00270597685372227,0.00610423321015633,-0.00570071212141416,-0.00208237100252999,-0.00517303371467441,-0.00162141948414391,-0.00127768679487813,0.00198721827544515,-0.000150103983584608,-0.000840420555581912,0.000873146260202158,0.00950789227822324,-3.36300525477131e-05,-4.68294634767485e-05,-1.67915477373585e-05,-2.81245999334865e-05,-3.90504613689281e-05,-1.39141356715557e-05,2.58485965279375e-05,-1.53587100426454e-05,-2.54626160523307e-05,-9.7384611124026e-05,0.00981611088163721,-0.00036214103074077,0.00292824962210759,-0.00626834584076624,0.0230061381410391,0.00392862128356519,-0.00573343308916307,0.00870413851118593,-0.0210158858676572,0.00351248698107499,-1.85259902934321e-05,-0.45940010032225,-0.386708287467597,0.0853591536106928,-0.0839974877422554,-0.00395295895832433,-0.00398113204381353,0.00228178313317659
"east_of_england","alpha_death_hosp",-0.000149387295214654,0.000985468930130027,0.000808980696590667,-1.80736215939151e-05,4.35753706551891e-05,-2.1363598009053e-05,2.8449219095831e-06,-3.14843015787434e-05,1.25822663332018e-05,-1.93073673543064e-05,-1.53802062788617e-05,7.90235990616574e-06,6.75228481373137e-06,-1.83839145450432e-05,2.6742228245951e-05,-0.000310730990787498,-3.5715730157816e-05,2.57615945437043e-05,9.73965050778077e-06,4.13404749654049e-05,2.26249372170268e-05,-2.63933016237389e-06,-1.43446885422526e-05,2.5079767092824e-05,3.06776844703405e-05,5.52126164694186e-06,2.92465845858512e-05,-2.02839790574453e-05,2.66674556599726e-05,1.47691232663992e-05,3.87291539289476e-05,-4.72290608067226e-05,2.58567361954181e-05,5.515877119273e-05,9.14389588855123e-06,-4.43269243465634e-05,5.34865711884466e-05,-1.0198633122312e-05,-1.05666232372555e-05,1.87998169210845e-05,-0.00156571867615617,-0.000523768880756197,-0.000843792982774457,-0.000224186010455892,-0.000481973497686768,0.00356570029661575,-7.1362492464204e-05,-0.000869364990223314,-0.00048483381025544,0.000226507973846663,-0.000151367554687924,-0.000126030630783792,-0.000267457111807949,0.000219257766544752,0.000514672444217781,0.00010196220355147,0.000479413212100069,-7.25232373166452e-07,-4.47850748274309e-06,-1.46590479009802e-07,-5.40016549926321e-06,-4.5798702438078e-07,2.62263029830553e-06,1.6559770277267e-06,-9.22986577562296e-07,-3.1593617314839e-06,-7.97557121969207e-06,0.00268413162508922,0.00379743916816837,-0.00046949359873479,0.00021299959868886,0.00219305496818813,0.00103276937731442,-0.00114263264313041,0.00131797962343242,-0.00260541699730833,0.000273890504996221,-8.76210830718464e-06,-0.0629874400106141,-0.0498724298941584,0.00593953526905415,0.000754163289049508,-0.000583705169233088,-0.000461185601953071,0.000167503713044844
"east_of_england","alpha_H",8.46865750724759e-05,-0.000303299547267152,-1.80736215939151e-05,3.12659513745978e-05,6.64197906476115e-06,3.27547961604987e-06,-5.00294198350192e-06,5.13595645771774e-06,-3.37872601827056e-06,1.30465683471929e-05,-2.93444383939879e-06,-1.20412233016553e-06,2.16359818335016e-06,-7.37207849459575e-06,7.67507252652865e-06,1.80580255907427e-06,-5.71047882669277e-06,-1.58112488809218e-06,-1.13273449220617e-05,-2.22305526273173e-06,-2.56613362074565e-07,-7.46455365575293e-06,7.61098243722025e-06,-2.36468124316222e-05,5.45022355876394e-06,-4.2887507864648e-06,-8.33544792753451e-07,-9.77159775546779e-08,-5.71979666290468e-06,-1.32471786836719e-05,-6.41212621433364e-06,3.7092105609618e-06,-4.72403522238317e-06,-1.36971139232596e-05,-3.0329856528807e-06,3.26746603000064e-06,7.38579449676527e-06,-1.4829866672427e-05,1.94946315160618e-05,-1.10548346937564e-05,0.000177169898925219,-4.44264813257334e-05,-7.15915288314932e-05,0.000168632520444598,9.42225885437843e-05,-6.62846964243798e-05,-0.000159036662265133,0.000263483111944038,-3.14605252526728e-05,7.13411750003285e-05,2.52139622924056e-05,-2.32034156430831e-06,-1.3197053061746e-05,8.80244964067992e-05,-9.56118707838635e-06,-5.19668388693482e-05,-0.000435753121721731,9.10382623672519e-07,1.33833801655851e-06,-1.74063743405499e-07,9.4899447126641e-08,7.28748939607027e-07,-6.54174894547991e-07,-6.63337471219653e-07,8.04672792443887e-08,1.02045776018636e-06,1.41658943075454e-06,-0.000818715647535176,0.000580844760717744,-0.000283090692452976,-0.00014001810063245,-0.00030121765231811,-0.000161344534207032,0.000306758625987755,-0.000232286627823271,0.000706305025399724,-5.05527599261855e-05,-4.11204340175828e-07,0.00756344593627973,0.00973673951666874,0.000241918897972769,0.00195314700052581,5.13145217349672e-05,0.000220518895575655,6.97417250355477e-05
"east_of_england","beta1",2.39271416567421e-05,-0.000187100442461619,4.35753706551891e-05,6.64197906476115e-06,1.98280317418422e-05,5.66083587895382e-07,-8.16501976802504e-07,-1.62241257402408e-06,1.60350581963027e-08,-2.45035496716187e-06,-1.18374568898574e-06,-1.92767093531936e-06,2.17639288479261e-07,-3.22023904671076e-06,4.10810145516185e-06,-3.24091742247865e-05,-5.46213829143776e-06,-3.24547373983469e-07,-5.10999686859367e-06,3.36895797191701e-06,2.77746292002124e-07,-2.61536914733504e-06,-1.16143484900411e-06,-3.71948508382336e-06,-8.36913738592638e-07,-2.34977976280969e-07,3.63371466742239e-06,-6.14830291973764e-07,-3.75965349317478e-06,-2.43449851356063e-06,9.18891774901059e-08,-7.15923881984538e-06,9.28010647804487e-06,-1.97354401117107e-05,-1.40399512009755e-06,1.13899554473704e-06,1.33147923282672e-06,-1.5634000940073e-06,-9.81896711088175e-07,-1.44811894366937e-07,8.42308150268522e-05,1.46879605490416e-06,-9.72066402897911e-05,0.000132688234826394,-0.000124267247259644,0.000315555850619824,-0.000182036864350549,5.59023777131683e-05,-4.02724078627379e-06,7.11648139719352e-05,1.41550976039105e-05,-3.47504425071692e-05,-1.80617796565749e-05,1.44577933375199e-05,2.30033936482902e-05,-1.09006430161778e-05,-2.34333303293479e-05,5.28286782821228e-07,-2.8898150158917e-07,1.68554912818735e-07,-5.26063014270977e-07,2.28227238405882e-06,-1.06809893786823e-07,-1.91391965135557e-07,9.16992868631949e-08,7.45502979154753e-08,-7.27594232496189e-08,4.92430670474885e-05,0.000336576858518139,-0.000116949304063555,0.00015074204821511,0.000133360141882398,-9.06366585027618e-05,5.41761209807475e-05,7.02385718576196e-05,1.22667750541271e-05,-5.567268713469e-05,-1.02280088446774e-07,0.00109654918987201,0.000496455589844416,-0.000439073599513605,0.00606865740807482,5.78804120806971e-05,1.86190459534649e-05,3.27864375630145e-05
"east_of_england","beta10",-1.33111581144707e-06,-6.42314966658609e-07,-2.1363598009053e-05,3.27547961604987e-06,5.66083587895382e-07,6.94253264245035e-06,-6.40409960623022e-06,2.8273099633421e-06,-3.46056820751603e-07,2.75134424921399e-06,-3.61682017028804e-07,6.11680734381086e-07,1.12448712719483e-07,1.52113931497257e-06,7.82359800387228e-08,-6.99127218666371e-07,1.61282650665494e-06,-2.05724636650746e-07,-4.60493618402978e-06,7.56707695729602e-06,-1.23325268929565e-06,-2.45059683676435e-07,3.51769474314824e-06,-4.13458375044739e-06,9.7667975978445e-07,9.63407099111751e-07,-6.09747402878615e-07,1.40057651133819e-06,-1.65300798612515e-06,-2.23490377836153e-06,-5.98920426145645e-07,-1.21628124771544e-06,-1.52727910617981e-06,-1.33162156597916e-07,-6.15706817897075e-07,-6.14624239036065e-07,5.31171461912537e-06,-6.64003114155065e-06,8.79376712991274e-06,-8.96953074485503e-06,8.88065297293968e-05,-1.80849906325352e-05,-1.23718948303931e-05,1.04118450906091e-05,-3.83323696835129e-05,-0.000200402794565283,6.9956951211931e-05,3.37053069597773e-05,-2.80343526642482e-05,2.38848140431292e-05,-1.02526499689431e-05,3.07767031513641e-05,2.10669875864842e-05,-7.44692838717002e-05,-6.12125602489702e-05,-1.38011091891226e-05,-3.53235101343516e-05,-1.45162558548247e-08,2.65274690423137e-07,-9.9862323863849e-08,-5.75597254760622e-08,5.33500685983403e-07,2.64688750916759e-08,-3.77043572061194e-07,5.17057833737275e-08,8.93293887377791e-08,4.87368236950253e-07,-0.000313129585454239,0.000272440772439186,-2.96480935113929e-05,2.55661574578535e-05,-0.00021604672063458,4.33976649113211e-05,8.91300335141333e-05,-3.47996148405545e-05,0.000132657960136967,-1.42784004556613e-05,6.14381438471238e-07,0.000375815046030634,0.00109944857671634,0.000129490413488358,-0.000502114715162529,-1.83510179247331e-05,1.81936804599861e-05,3.60713592589285e-05
"east_of_england","beta11",-9.82195628900082e-06,-0.000141197749221572,2.8449219095831e-06,-5.00294198350192e-06,-8.16501976802504e-07,-6.40409960623022e-06,1.92833089821419e-05,-1.1575983142164e-05,4.47442454536324e-06,-6.32371604046252e-06,4.05069664641555e-06,-3.27620963049995e-06,7.0304695791071e-08,-4.6874436197262e-06,-4.16786676200738e-06,2.85899314565341e-05,6.82556219261672e-07,-6.04658305318061e-06,4.06544676157359e-06,-1.2023947754383e-05,6.4219676588259e-07,-1.34037228693025e-06,-4.97164299051697e-06,2.23799340879355e-06,-9.29146485265937e-06,1.31529681336723e-06,1.04776233004202e-06,-3.49794936621791e-06,-2.02199934648904e-06,-7.39133487122291e-07,-4.69305648712523e-06,8.67299447684484e-06,-3.84062196866502e-06,5.02031430071355e-07,-3.5172521437419e-06,8.57149128659689e-06,-1.27385677204225e-05,7.33340320658022e-06,-5.54032112269682e-06,2.64796341104262e-06,6.22681046612641e-05,-1.90507500720128e-06,-7.02278416070071e-06,-2.70218101684742e-05,-8.2741867905215e-05,3.46160168537873e-05,-0.000130582383697888,-6.51973931367383e-05,0.000102295701349263,-8.01922065284098e-06,1.04187661738965e-05,2.92172387055556e-05,-1.49323882396602e-05,5.49021136128971e-05,3.515897389485e-05,-1.9445633728104e-05,0.000184365123392901,1.15119808513463e-07,1.55630616980828e-07,-3.3484231119399e-07,6.01123438665211e-07,-1.52027635904235e-06,-1.39502712719856e-07,1.87492992988855e-07,-1.69108747714869e-07,2.26639134654912e-07,2.75569571020993e-07,0.000225504793766537,-9.14638465880737e-05,1.25178432505852e-05,0.000209119781639967,-0.00020250849965781,-4.7606813465123e-05,-2.53714528692183e-05,0.000124229966066128,6.33426008879767e-05,6.62031526096813e-06,1.01958505476295e-06,0.00943558104396767,0.00126540515299352,-0.0012784965081418,0.00301272356005453,0.000118931983491104,1.48863922442958e-05,-3.48911316428681e-05
"east_of_england","beta12",1.1782904856771e-05,7.59622487205605e-05,-3.14843015787434e-05,5.13595645771774e-06,-1.62241257402408e-06,2.8273099633421e-06,-1.1575983142164e-05,1.0569311688776e-05,-5.62148101698348e-06,5.7505230863275e-06,-2.89026972634703e-06,1.42417135263599e-06,-7.80798490664051e-07,3.93302298522174e-06,2.06289795360076e-06,-8.2746145368974e-06,-1.5759481620641e-06,2.77457125906412e-06,-3.85940398093977e-06,2.45272647544218e-06,-1.83819187421176e-06,-7.10588112963258e-07,4.060746927314e-06,-5.86864871238575e-06,5.86126150172972e-06,-4.24645560965957e-06,-1.5447214606366e-06,1.95257894718612e-06,-7.98702008073464e-07,-1.06815691301471e-06,1.04301270633473e-06,-5.23376063610827e-06,1.50737181253489e-06,-3.49322282881107e-06,2.0394478097983e-06,-3.69688331501202e-06,4.74045498437283e-06,-3.4595806362113e-06,3.23677300104589e-06,1.02604469856423e-07,-2.84997409241773e-05,2.58511947316467e-05,3.47024014931537e-05,4.00607578804152e-05,9.14330899035288e-05,-0.000123412746924473,6.48112719924201e-05,5.08885336323024e-05,-4.80803411828921e-05,-1.79070591862544e-05,-8.37610919398406e-08,-2.45129838086745e-05,1.34728834734875e-05,-3.59495888394646e-05,-3.06383101894298e-05,9.11447103921128e-06,-0.000137094148317977,8.02924813742609e-08,-1.21843897290291e-08,2.80814220107555e-07,-1.07137143860697e-07,1.06752929113335e-06,-8.48181037321725e-08,4.52899185537196e-08,1.94922318932606e-07,1.46105583063136e-08,7.05843514028959e-08,-0.000222784793742779,-0.000121583449808801,2.05619597681927e-05,-0.000168180467045358,0.000154890360950181,-6.33703599058118e-05,5.34317481097747e-05,-0.000170330671657607,0.000130421663354637,-1.27525874783465e-05,-6.53887746770173e-07,-0.00273563628430615,0.00115213535201029,0.000877660116923028,-0.00203539628247816,-2.95610069989949e-05,5.33138422205069e-05,1.23696206757056e-05
"east_of_england","beta13",-1.09229980834031e-05,-8.48248638316434e-05,1.25822663332018e-05,-3.37872601827056e-06,1.60350581963027e-08,-3.46056820751603e-07,4.47442454536324e-06,-5.62148101698348e-06,6.00533109912617e-06,-2.13914078474608e-06,1.56361961340261e-06,7.5777721858088e-08,1.5643392163232e-06,-3.57277207086894e-06,-4.80592159339272e-07,2.1951579536715e-06,2.52372370343534e-06,-6.76247438674742e-07,-8.13449042033784e-07,4.65734131820931e-06,-6.80858850515609e-07,2.4568727923577e-06,-3.71219567261849e-06,4.76358354290454e-06,-4.93941206754491e-06,5.63540320675572e-06,-1.88060237034922e-07,-2.76694610886198e-06,8.22913747886697e-07,-1.95321321126738e-06,9.53626554702781e-07,3.59384815590429e-06,-2.74479243757786e-06,5.00426819759834e-07,-2.39726796775523e-07,-6.69207310167421e-07,1.67752957757149e-06,6.73777104361224e-07,-3.48919111699454e-07,-2.06972179884674e-06,9.31641437259058e-05,0.000118203489543375,1.83941910327183e-05,-2.70356674284283e-05,-4.65701420706138e-05,7.63815834025275e-05,1.62308119396456e-05,1.52251951135486e-05,-1.58531703513375e-06,1.34528618708707e-05,1.18798963587473e-05,8.27917761007523e-06,3.55329550618642e-06,-6.08510826231036e-05,-3.40088208099153e-06,1.42804335208516e-05,4.44968307665033e-05,-1.44870584198303e-07,1.48195545652547e-07,-3.72006434798659e-07,-9.25882576672828e-08,-9.15581584227802e-07,1.28116157082581e-08,-5.25357963113412e-07,-2.59172535311885e-07,2.29222757389901e-08,5.30278483859338e-07,0.000225561611032243,-7.88530780812864e-05,7.94840352926123e-06,0.000159593415426398,-0.000168052426558224,0.000167690015498104,-6.86273550582557e-05,-1.32683835056986e-05,-0.000136529280128366,-1.14393618844719e-05,9.24769944560024e-07,0.00122595386838439,0.00219518848917858,-0.000761024163251135,-0.000192983664718399,-2.16364816329175e-05,-1.69756231298075e-05,-3.4852754467468e-07
"east_of_england","beta14",4.17216013810529e-05,-0.000339109253409602,-1.93073673543064e-05,1.30465683471929e-05,-2.45035496716187e-06,2.75134424921399e-06,-6.32371604046252e-06,5.7505230863275e-06,-2.13914078474608e-06,1.66783044056295e-05,-7.36951434561004e-06,6.17136888354573e-07,1.76737725472876e-06,-3.76027478534114e-06,3.87735714668555e-06,3.45191545627603e-06,-1.62912644206309e-06,4.29598172194203e-06,-1.45647403837082e-05,9.21654151445871e-06,-1.35466257741054e-06,1.24064015655591e-06,4.98882160906441e-06,-1.08899811227111e-05,8.16909213176876e-06,1.09301883664392e-06,-5.83742042053088e-07,1.33540842354482e-06,4.40589750767771e-06,-9.9717909706838e-06,1.70273502848095e-07,3.15426323074398e-06,4.39010567138413e-08,-4.2832713616192e-06,-2.07304074228498e-06,3.35832136167576e-06,1.02884913839024e-07,-5.51336573184426e-06,1.58550108186841e-05,-8.2454468068479e-06,0.000250611716194986,2.33939548039966e-05,-2.06559608799451e-05,7.19858926347495e-06,-2.66268208794101e-05,-7.07921018861083e-05,-5.06397232689709e-05,0.000115081671083884,-7.79116138523437e-06,8.28406872393195e-05,5.11779390559117e-06,1.17085441638759e-05,-5.40782980916853e-05,-5.54621865699243e-05,-1.92229587602446e-05,-2.44450874974172e-05,-0.000344930854204617,5.40366442160611e-07,1.09651111835802e-06,2.5140672783716e-07,5.00929617399964e-07,3.41821264235347e-07,3.38139942442853e-07,-2.27738239471776e-07,4.77022368421719e-07,6.00427685059319e-07,2.11131030034289e-06,-0.000332341743303419,0.000504609753582828,-5.69520361323858e-05,3.74592793419601e-05,-0.000314939469324549,-6.25899046072873e-05,0.000132976693285908,-0.000265034979031346,0.00059167974725032,-4.13775285782208e-05,1.46096978664608e-07,0.00482622464326251,0.00289493282432793,-6.14471852030071e-05,-0.00191356191671578,1.64506913915676e-05,6.61407942020165e-05,-7.6173263973811e-06
"east_of_england","beta15",-6.97630278551065e-06,8.82717286180663e-05,-1.53802062788617e-05,-2.93444383939879e-06,-1.18374568898574e-06,-3.61682017028804e-07,4.05069664641555e-06,-2.89026972634703e-06,1.56361961340261e-06,-7.36951434561004e-06,6.47363929298677e-06,-6.7162570261477e-07,-1.62336436760831e-07,5.94708273844927e-07,-1.95490093946499e-06,8.99809715149729e-06,2.12965606511265e-06,-5.02561293987807e-06,8.89659571066984e-06,-9.91624913191877e-06,-2.35006536850698e-07,-2.08740282236103e-06,-2.24170235582177e-06,1.71561265993043e-06,-6.76350170678488e-06,-1.22898371719009e-06,-5.59926672670568e-07,-1.18610108077524e-06,-5.19034598156358e-06,2.5008703672962e-06,-2.75242131465707e-06,2.69035125040544e-06,-4.84542637056534e-06,1.28227750316022e-06,1.99836239303073e-07,-5.51602504036301e-07,4.19394691588315e-07,3.21682757164695e-07,-5.12565162890818e-06,1.68348337682127e-06,-6.88364339372634e-05,5.08775523068352e-05,2.45707052182954e-05,2.59416683509299e-05,0.000114142218817895,-0.000110496208751299,2.29913104480933e-06,1.4419166878095e-05,1.3909161076373e-05,-4.59508226021653e-05,1.11748996169131e-05,3.18545702849662e-06,4.34190162925484e-05,3.44533990110495e-05,-3.66676402823932e-07,6.4650144581185e-06,0.000166033341394435,-1.93171659062537e-07,-1.41730485228494e-07,-3.69292739803562e-07,-5.38484462257157e-08,-6.40206174918452e-07,-4.93183067444589e-07,-2.15072373749631e-07,-3.81309634158868e-07,-5.5300684873468e-08,-5.89182078796721e-07,-3.55966634580326e-05,-0.000439526447157601,-7.2778205349754e-06,-0.000126252906750269,-3.50122865130281e-05,3.78329570863727e-05,-5.19652787881721e-06,4.91739193460719e-05,-0.000155504658083882,5.36743618364744e-06,2.49352988934084e-07,0.000590518618761741,0.00423221022314676,-0.000497970730102662,0.000616156222665804,-2.84015247682895e-07,5.13935569872184e-05,1.0722790678924e-07
"east_of_england","beta16",-7.48315803219658e-06,6.81687590729255e-05,7.90235990616574e-06,-1.20412233016553e-06,-1.92767093531936e-06,6.11680734381086e-07,-3.27620963049995e-06,1.42417135263599e-06,7.5777721858088e-08,6.17136888354573e-07,-6.7162570261477e-07,1.2552760993636e-06,1.61963071880964e-07,9.74913294755713e-07,6.62983452707363e-07,-6.91578936081235e-06,5.20854913769773e-07,1.78638670712623e-06,3.97100220002284e-07,3.38014256475249e-06,2.62932523381589e-07,1.07837372429054e-06,2.42514749263615e-07,1.98908948292126e-06,1.74673701723349e-06,6.83670750602089e-07,-3.49999007873577e-07,2.82111572632047e-07,1.57650595291152e-06,1.06169498238462e-06,1.85349105522102e-06,-1.29329124642582e-06,-3.31783441274334e-07,4.03853978670379e-06,1.29723191915954e-06,-3.0738131570891e-06,3.61283458728261e-06,-1.04356014493778e-06,2.53572551079647e-07,7.98920597782198e-08,-5.21688381946767e-05,6.61284499691021e-06,9.59187368373379e-06,-2.53955424260801e-05,2.25967565985806e-05,2.19803336388608e-05,6.42618083403531e-05,-6.51428468976918e-06,-3.10432913262301e-05,-7.95140997520689e-06,-5.13132233749549e-06,-4.22660829137093e-06,3.49456607397545e-06,-1.03434094475213e-05,-1.33120141994297e-06,1.17142810471608e-05,-2.23789856093284e-05,-1.56864314129898e-07,-9.14255663479854e-08,1.87802864330503e-08,-1.92591771538075e-07,-9.41706396868337e-08,9.10940863969997e-08,-5.36760031959938e-08,-3.27641897701055e-08,-1.48162545493699e-07,-2.25148257504877e-07,3.56375830290894e-05,-1.8854905763266e-05,1.54984874502019e-05,-5.26354880157782e-05,6.26151268199467e-05,6.3446933273853e-05,-3.76252086042534e-05,-9.26936951262061e-06,-0.000110776392289265,1.24207335032609e-05,-3.18236236550167e-07,-0.00356205893375588,-0.000994834236864607,0.000376461612030197,-0.0015171647312356,-5.21263894881075e-05,-2.18969892759247e-05,6.33022843193327e-06
"east_of_england","beta17",9.17765201805147e-06,-4.0912421066156e-05,6.75228481373137e-06,2.16359818335016e-06,2.17639288479261e-07,1.12448712719483e-07,7.0304695791071e-08,-7.80798490664051e-07,1.5643392163232e-06,1.76737725472876e-06,-1.62336436760831e-07,1.61963071880964e-07,1.41416376738822e-06,-2.95331907831776e-06,1.4273889950602e-06,-3.30377638493038e-06,3.63329363186797e-07,6.63402427948521e-08,-1.21608339002039e-07,1.65697240643131e-06,-3.41075470083299e-07,5.57991867729093e-07,-3.72990421495852e-07,-1.03265786805072e-06,1.6069501903504e-07,1.58792041802047e-06,-3.16136527571971e-07,-1.12188021684447e-06,1.81859051416448e-07,-2.33418737605052e-06,7.41738845723923e-07,1.53132209096499e-06,-1.60261702507797e-06,-2.03482202141051e-06,2.23718364721971e-07,-1.58016223293786e-06,3.39884898372849e-06,-2.06941494970169e-06,2.40750832115037e-06,-1.81046616789577e-06,2.37610360725662e-05,7.19001449880961e-05,-5.73353956211562e-06,2.48885679447321e-06,1.27953879318638e-05,6.58221827949409e-05,-1.03686929914809e-05,4.5323492717055e-05,-1.5596008577873e-05,1.05287533216284e-05,8.75505623523056e-06,-6.30111444421852e-06,-2.0574004571131e-07,-2.53219330274854e-05,1.72394455795475e-07,7.24902755803326e-06,-2.84941092330779e-05,-3.01271150582322e-08,1.91642514430125e-07,-2.5608139106588e-07,-1.18727460306656e-07,-4.20464747202997e-07,-1.30519606555905e-07,-3.32587609897871e-07,-1.64589730290744e-07,1.20438927065629e-07,3.33998558811234e-07,4.19645575384668e-05,2.56962683698993e-05,-2.7504825599951e-05,2.00983936645354e-05,-6.30383310799333e-05,7.08484301623325e-05,-8.05724856157002e-06,-6.9325910863971e-05,1.02053070230601e-05,-1.61458670851638e-05,3.10977899460119e-07,6.18034770839558e-05,0.00211337691992182,-0.000238763312035484,-0.000525397914110586,-2.11810796583706e-05,1.35028775207737e-05,8.5582942842793e-06
"east_of_england","beta18",-2.23948619014259e-05,0.000238181333080831,-1.83839145450432e-05,-7.37207849459575e-06,-3.22023904671076e-06,1.52113931497257e-06,-4.6874436197262e-06,3.93302298522174e-06,-3.57277207086894e-06,-3.76027478534114e-06,5.94708273844927e-07,9.74913294755713e-07,-2.95331907831776e-06,9.39463015656112e-06,-2.93656251268585e-06,6.03850154061909e-06,6.54513782653412e-07,1.28603234098495e-06,1.64081761103081e-06,2.86724306771151e-07,-3.92903051074601e-07,3.64033735623527e-07,2.0422876414481e-06,3.79807041850263e-06,2.10735068175306e-06,-3.99544356109058e-06,-2.11343054196928e-07,3.58990182244162e-06,4.03471148228749e-07,7.15814843407958e-06,3.83609881670063e-07,-5.89236943622961e-06,4.79485567429508e-06,4.55361147366822e-06,1.20257194714829e-06,3.17242727857753e-07,-4.71342437411191e-06,4.46991314289454e-06,-6.36644824234274e-06,4.55361589821686e-06,-0.000104137075344266,-0.000160063097795092,1.95290486554222e-05,-3.88534121738101e-05,2.32669268398905e-05,-0.000195598105568305,8.12632242022804e-05,-0.000115601691265633,1.81191582108556e-05,-4.54201803842658e-05,-2.68930323632805e-05,9.82896301376655e-06,1.3560848343222e-05,7.10820074586735e-06,-1.8168334678271e-05,-2.50974677993189e-06,0.000124792678251153,-1.35842969216944e-07,-5.94190851365967e-07,5.80163336245124e-07,1.42907028031892e-07,9.95789728419194e-07,3.13601488505926e-07,7.61375675506901e-07,3.5784985603399e-07,-4.41157329704298e-07,-8.77298347859695e-07,-7.80898433552777e-05,-0.000116381921342291,9.13277194504466e-05,-0.00012139476857695,0.000181477685865099,-0.00010331062133945,-1.37124780554622e-05,0.000137450909252224,-0.000135008522404128,4.39020179767686e-05,-6.50071111027349e-07,-0.00426700412410641,-0.00531522058886448,0.000755856896829419,-0.000660672480272562,-1.02638835926631e-05,-4.27169440795215e-05,-1.80901878203242e-05
"east_of_england","beta19",2.52913071301584e-05,-4.46168841146671e-05,2.6742228245951e-05,7.67507252652865e-06,4.10810145516185e-06,7.82359800387228e-08,-4.16786676200738e-06,2.06289795360076e-06,-4.80592159339272e-07,3.87735714668555e-06,-1.95490093946499e-06,6.62983452707363e-07,1.4273889950602e-06,-2.93656251268585e-06,5.46968620813057e-06,-1.95623387527305e-05,-3.72832506006379e-06,2.08134042451913e-06,-3.10765782384635e-06,2.90987236453024e-06,-6.88833053263626e-08,-1.62670944920738e-06,1.37314490298014e-06,-5.1037415826967e-06,2.93273603230707e-06,-9.48415859544749e-07,5.95553907240381e-07,-8.75375322408639e-07,-1.00676879109569e-06,-3.14466485672741e-06,1.19764001994842e-06,-2.70508914917502e-06,7.9205572719217e-07,-4.60232060937855e-06,9.53962662450826e-07,-4.0240914834478e-06,7.5425797006617e-06,-5.03296442908527e-06,4.0992666223838e-06,-1.04034127337533e-06,-3.18855883804021e-05,2.27180047277311e-05,-4.66002545720706e-05,4.24105128047914e-05,3.42915078666641e-05,0.000164072750128605,-2.64731183042954e-05,6.56578408440756e-05,-5.20925353529709e-05,2.42268212848693e-05,6.13230526319463e-06,-2.76865090241399e-05,-1.21343981318939e-05,4.7880383665354e-06,1.32939962619369e-05,6.45968878004247e-06,-0.000116984478353729,1.93491212331923e-07,9.6757744417873e-08,-8.93031474118182e-08,-3.61644775011524e-07,3.29121265127793e-07,-1.63299969497562e-07,-2.93154619357602e-07,-6.93755173581547e-08,1.10205486949949e-07,1.52786897036619e-07,-3.32030970704761e-05,0.00022312706923937,-8.40371011807862e-05,-6.04735291994107e-05,8.25139895028974e-05,3.56674557759448e-05,7.82312496648506e-06,-7.61167092789107e-05,1.833790970422e-05,-1.69040686529496e-05,-4.87732443161762e-07,-0.00262892890980283,0.00246452198888013,0.000207100217538835,-0.000219485272853901,-4.26964685961242e-05,5.90015003047667e-05,2.7622620377513e-05
"east_of_england","beta2",6.75001050310181e-05,0.000175347291874168,-0.000310730990787498,1.80580255907427e-06,-3.24091742247865e-05,-6.99127218666371e-07,2.85899314565341e-05,-8.2746145368974e-06,2.1951579536715e-06,3.45191545627603e-06,8.99809715149729e-06,-6.91578936081235e-06,-3.30377638493038e-06,6.03850154061909e-06,-1.95623387527305e-05,0.000337229916514208,2.0607151751502e-05,-9.7737961882743e-06,-1.11984832602896e-05,-2.55641326553602e-06,-6.53809930363205e-06,9.19104849281514e-06,1.13025420026135e-05,-3.89578903822605e-06,-6.89976853763494e-08,2.51785055751651e-06,-1.78709650250506e-05,1.32539886833002e-05,6.42109553243055e-06,4.93320171306153e-06,-2.62622353696824e-05,4.01540111464837e-05,-6.65485020191794e-07,-2.39272846941867e-05,-1.06990600308416e-05,5.03138906889353e-05,-6.69176752513828e-05,3.00848839487567e-05,-8.56424258109776e-06,1.92504819273169e-06,0.00106694714000217,-0.000596047751531652,0.000349220357312362,-0.000194306641355168,0.000136255938834132,-0.00178201614366895,-0.000256250018162115,0.000206186394322515,0.000547667824020977,-0.00017556442791329,-1.89191185572522e-05,9.99936925925522e-05,-2.21645107320768e-05,8.39325257193338e-05,-0.000177697766418791,-0.000172322358795519,-0.000136570774925483,3.76636318130877e-07,2.23567137831049e-06,-1.14657425564725e-07,4.33024944479552e-06,-4.62453867233979e-06,-1.98558465379896e-07,1.82765635840596e-06,1.46678796324421e-06,1.60655960857603e-06,3.56621543812328e-06,-0.000655123903542821,-0.000492794690789071,0.00030451116953946,5.1267629960198e-05,-0.00117000996828251,-0.000732939185187714,0.000597552859082151,0.000272872488298948,0.00136239794421665,0.000118156077026454,5.33845428120451e-06,0.0369422685439736,-0.00284701593008075,-0.001517634942437,0.00588921548547246,0.000444682146735845,-0.000159185781114044,-0.000140557607634841
"east_of_england","beta20",-4.21936482345303e-06,-2.92482937622095e-06,-3.5715730157816e-05,-5.71047882669277e-06,-5.46213829143776e-06,1.61282650665494e-06,6.82556219261672e-07,-1.5759481620641e-06,2.52372370343534e-06,-1.62912644206309e-06,2.12965606511265e-06,5.20854913769773e-07,3.63329363186797e-07,6.54513782653412e-07,-3.72832506006379e-06,2.0607151751502e-05,7.9659230119461e-06,-9.36246251495678e-07,7.42037617121859e-06,2.30163274227611e-07,7.13460718982018e-07,4.81363231972866e-06,-1.29915511911677e-06,8.73175681626954e-06,-2.04656221669002e-06,5.45436713194571e-06,-2.6322013912956e-06,2.93980441421757e-06,2.99339583001692e-06,3.22844380022247e-06,5.91549788102811e-07,5.78434858144941e-06,-1.55540370038133e-06,1.65947267483036e-06,5.61666246368848e-07,8.13480018630215e-07,-2.14391612055527e-06,2.50929558748131e-06,-2.84658743177138e-06,-1.21163694754527e-06,6.71649933700725e-05,6.75095701115537e-05,8.57929803453389e-05,-5.54923836097697e-05,1.08878966335136e-05,-0.00017550613408061,6.6266856339269e-05,5.69950205068865e-05,3.62379185689914e-05,-1.84019566319102e-05,9.87723401832851e-06,1.81747802695175e-05,2.43144123071686e-05,-1.21400625348828e-05,-2.4577998547753e-05,1.27861908981747e-05,2.73664667645696e-05,-4.44600313471283e-07,2.13475193549896e-07,-1.34117240569898e-07,8.76881703931726e-08,-6.88410904884492e-07,1.74548641686491e-08,-3.40537070898668e-07,-1.54643411309721e-07,-4.61875731410049e-08,3.43178836647154e-08,3.43087001013309e-05,-0.000420175676234713,8.05627856987394e-05,-7.24070490669345e-06,-0.000194857497559398,4.74501910272567e-05,2.11340084550528e-05,-2.64194531757454e-05,-9.22337012219356e-05,-6.76847148407325e-06,8.11356277786138e-07,5.07307270149016e-05,0.000857129943600122,-0.000630022946355863,-0.0011168785527039,-2.83611666689845e-05,-0.000112681475209039,-1.65725786116089e-05
"east_of_england","beta21",-3.01834034675065e-08,3.55919142732532e-05,2.57615945437043e-05,-1.58112488809218e-06,-3.24547373983469e-07,-2.05724636650746e-07,-6.04658305318061e-06,2.77457125906412e-06,-6.76247438674742e-07,4.29598172194203e-06,-5.02561293987807e-06,1.78638670712623e-06,6.63402427948521e-08,1.28603234098495e-06,2.08134042451913e-06,-9.7737961882743e-06,-9.36246251495678e-07,6.70621079319246e-06,-5.04991913435589e-06,1.11423158220691e-05,1.04017890911622e-06,3.85182792193441e-06,1.14998637408143e-06,4.29942209465495e-06,7.03891535269132e-06,2.3440610797492e-06,1.91477729568111e-07,2.06739955822855e-06,7.02735891913167e-06,1.86434336621841e-06,4.62261424104554e-06,-3.55036590896845e-06,6.18212410786102e-06,2.16262292328702e-06,1.52986923488837e-06,-2.26638629440486e-06,1.24120470298716e-06,1.52209890186874e-06,2.41282499061417e-07,1.85535523270209e-06,-7.4431124624019e-06,-6.08777796269095e-05,-9.03485933099156e-07,-5.19985683182982e-05,-4.99861221103639e-05,0.000129845444704082,4.99899968681027e-05,-3.00499107216557e-05,-2.65967811484885e-05,2.05440649542228e-05,-1.46206778320138e-05,-2.26680904579879e-05,-3.70867779165677e-05,-1.38861868325341e-05,1.32905704251368e-05,1.09621125414512e-05,-0.000136391456809216,-3.64851123041268e-08,-1.8036198928081e-07,4.16540260870642e-07,-1.52575662188477e-07,4.4707470761965e-07,5.35316702994981e-07,2.86573340513282e-07,3.16117384735233e-07,-2.16182929215208e-07,-2.62723463302682e-08,0.000186138003334755,0.000241227211219899,4.06694984304819e-05,2.03238359154232e-05,0.000177434902815204,1.87221235953371e-05,-6.13194371072487e-05,1.51171762493825e-05,-9.82950177853006e-05,1.79908340968827e-05,-6.32390043602488e-07,-0.00534353642889571,-0.00597402389776154,0.000683783975159721,-0.00145672462414009,-5.33682328234051e-05,-0.000104404850790834,-1.1458085265558e-05
"east_of_england","beta22",1.17274107251081e-06,0.000430151701432213,9.73965050778077e-06,-1.13273449220617e-05,-5.10999686859367e-06,-4.60493618402978e-06,4.06544676157359e-06,-3.85940398093977e-06,-8.13449042033784e-07,-1.45647403837082e-05,8.89659571066984e-06,3.97100220002284e-07,-1.21608339002039e-07,1.64081761103081e-06,-3.10765782384635e-06,-1.11984832602896e-05,7.42037617121859e-06,-5.04991913435589e-06,4.00685414173249e-05,-2.86083296785802e-05,7.09912896232963e-06,2.15213585753657e-07,-3.95309283731754e-06,1.66886660945907e-05,-4.01344679442773e-06,-9.99878520487244e-07,-1.73444950979056e-06,4.32040646073854e-06,-1.54185850645416e-06,1.59006615970685e-05,1.97080706470851e-06,3.35167948715026e-06,-3.71058355891376e-06,8.85819082726524e-06,5.27025272727626e-06,-9.41266170438909e-06,5.83336812328685e-06,2.58780522052233e-06,-1.80378129075575e-05,1.09565798806694e-05,-0.000531746866406745,5.05798305576433e-05,5.31739260270647e-05,-4.11412755784252e-05,0.000207058238930072,0.000122647925096549,5.34573109044687e-05,2.19805018644468e-05,8.88405174180403e-06,-0.000123250227135227,1.69468020483732e-05,-4.6789314600674e-05,7.21338930718617e-05,0.000225889799606586,6.83928580475229e-05,5.20516884611407e-05,0.000299145477856103,-1.18070275465849e-06,-8.33227070043357e-07,-4.78489535143279e-07,-8.10730245488341e-07,-1.45249722577904e-06,-8.65825612155979e-07,-1.5396927091998e-09,-9.96488051099468e-07,-6.0517076775492e-07,-3.38131925683961e-06,0.000215864604389421,-0.00107678084194453,4.65867486123073e-05,-0.000412290583703134,0.000467334554035173,1.1637983528782e-05,-9.82757293568963e-05,0.000147218033547817,-0.000702978166099168,2.61405707891939e-05,-9.38690597777604e-07,-0.0111471306503739,-0.000176946867698191,-0.000131513918155547,-0.00105235939351691,-0.000112299314077897,-0.00017177739021908,-2.6301651571447e-06
"east_of_england","beta23",-3.61550458848277e-05,8.15380397199286e-05,4.13404749654049e-05,-2.22305526273173e-06,3.36895797191701e-06,7.56707695729602e-06,-1.2023947754383e-05,2.45272647544218e-06,4.65734131820931e-06,9.21654151445871e-06,-9.91624913191877e-06,3.38014256475249e-06,1.65697240643131e-06,2.86724306771151e-07,2.90987236453024e-06,-2.55641326553602e-06,2.30163274227611e-07,1.11423158220691e-05,-2.86083296785802e-05,4.94677604816246e-05,-4.6065769545946e-06,9.3038149669013e-06,3.89152342232824e-06,1.3930072392558e-06,1.25575761896069e-05,9.34468150555351e-06,-4.4688649980416e-07,-4.98531382529582e-07,1.12312678745553e-05,-4.5108325472281e-06,8.15537973734923e-06,-8.63612217404832e-06,1.02622394983692e-05,-3.55853828443046e-06,4.92016977455223e-07,-1.8747713829768e-06,5.9002978393605e-06,-1.65445661947172e-06,1.06142771422973e-05,-9.69860299575009e-06,0.000314688065841181,-9.703115385066e-05,-3.33009360276645e-05,-0.000116855252598003,-0.000255977186430652,0.000110780039934363,0.000168126459813015,-7.09185562216847e-05,-8.23203978188058e-05,8.06002509310358e-05,-4.86414761440835e-05,3.51708334263708e-05,-3.99272899167099e-05,-0.000301762202724781,-8.88782565564876e-05,-8.68722211546544e-07,-0.000170359805678882,-4.49642487116447e-08,-6.44892613236141e-08,1.27424255582925e-07,-3.8116436884908e-07,7.5082461767786e-07,1.19059584166898e-06,-2.20686920835421e-07,5.89154577555569e-07,-2.16219487818916e-07,1.54501350574213e-06,0.00035937019621928,0.00117673323877023,4.88154104317592e-05,0.000407441932330875,-0.000223719388351376,0.000294636128258551,-7.50876022608374e-05,4.40160063822451e-05,-5.46961317206889e-05,2.07921104907647e-05,1.09677514355896e-06,-0.00554097737066345,-0.0112039119711083,0.00121310459233804,-0.00196786065279229,-9.51486686372923e-05,-0.000158402764548274,4.7543039212656e-05
"east_of_england","beta24",2.50236235162209e-06,1.2050975708122e-05,2.26249372170268e-05,-2.56613362074565e-07,2.77746292002124e-07,-1.23325268929565e-06,6.4219676588259e-07,-1.83819187421176e-06,-6.80858850515609e-07,-1.35466257741054e-06,-2.35006536850698e-07,2.62932523381589e-07,-3.41075470083299e-07,-3.92903051074601e-07,-6.88833053263626e-08,-6.53809930363205e-06,7.13460718982018e-07,1.04017890911622e-06,7.09912896232963e-06,-4.6065769545946e-06,4.81333878554826e-06,1.77450245818973e-07,2.61513174595121e-08,5.07529625671808e-06,1.68003906974735e-06,1.50478288543883e-06,8.66218104758226e-07,2.72634815118879e-06,3.22595284067939e-06,4.42160252401829e-06,6.28010461875858e-07,1.7213567379945e-06,7.59728568006498e-07,7.63121000619557e-06,9.07041201786161e-08,-2.00014850081756e-07,4.19605556050822e-07,-5.86531716347571e-07,-1.00668497985673e-06,1.00484367290951e-06,-0.000116533399798111,-0.000104113953625102,-1.86179271694079e-05,-2.64542275851481e-05,-2.01660328203215e-05,8.89175507366236e-05,6.09767108236127e-06,-3.76250739070043e-06,2.27140550643119e-06,8.03463740410858e-06,-8.2026625369377e-06,-4.61494049143974e-06,-1.51437509429535e-05,0.000134389579903405,3.98365462179055e-05,-5.48528693234526e-06,-7.14799312083195e-05,-1.51863391636806e-07,-7.72625894002923e-08,1.8521437529086e-07,-1.67192343032898e-07,-9.15846301978334e-08,1.37393250565846e-07,1.79117689527012e-07,-1.59246605484499e-08,-1.50070967619673e-07,-9.64538936123096e-07,-2.71411661762161e-05,7.96065139794725e-05,-2.05599531743148e-05,-9.14609041244842e-05,0.000122787537587516,-4.91183454750096e-05,5.3490247000319e-06,0.000124350476582961,-0.000117334141632052,2.63446509102772e-05,-8.87735304867702e-07,-0.00312523661417468,-0.00385597104273814,0.00033711718620233,0.000521839891455395,-2.32151975691525e-05,-0.000102011475037902,-7.98335002261062e-07
