"region","name","alpha_admission","alpha_D","alpha_death_hosp","alpha_H","beta1","beta10","beta11","beta12","beta13","beta14","beta15","beta16","beta17","beta18","beta19","beta2","beta20","beta21","beta22","beta23","beta24","beta25","beta26","beta27","beta28","beta29","beta3","beta30","beta31","beta32","beta33","beta34","beta35","beta36","beta4","beta5","beta6","beta7","beta8","beta9","mu_D","mu_D_2","mu_D_3","mu_D_4","mu_D_5","mu_gamma_H","mu_gamma_H_2","mu_gamma_H_3","mu_gamma_H_4","p_G_D","p_G_D_2","p_H","p_H_2","p_H_D","p_ICU","p_ICU_2","p_ICU_D","p_NC_15_24","p_NC_25_49","p_NC_50_64","p_NC_65_79","p_NC_80_plus","p_NC_weekend_15_24","p_NC_weekend_25_49","p_NC_weekend_50_64","p_NC_weekend_65_79","p_NC_weekend_80_plus","p_W_D","rel_p_D_alpha","rel_p_D_delta","rel_p_D_omicron","rel_p_H_alpha","rel_p_H_delta","rel_p_H_omicron","rel_p_ICU_alpha","rel_p_ICU_delta","rel_p_ICU_omicron","rho_pillar2_tests","seed_date_alpha","seed_date_delta","seed_date_omicron","start_date","ta_alpha","ta_delta","ta_omicron"
"east_of_england","alpha_admission",0.000462198085064051,-0.000143800296610076,-4.06386482503316e-05,-1.51597948821448e-05,-9.62159396744158e-05,3.91759236394814e-05,-1.22102663472512e-05,-3.29407326264039e-05,-2.99982808376189e-06,3.35978833455636e-05,-7.7408541777631e-06,4.02243297504244e-07,-3.85503805016243e-06,2.49808325660449e-05,-9.20602026643335e-06,0.000150860758392165,-2.49686667784892e-05,-6.72900852673812e-06,-1.81795793625885e-05,1.07657522868743e-05,-2.85228759141622e-05,5.17144397878e-06,-1.15471293997129e-05,-3.07500877061653e-05,-2.21726920808633e-05,-7.1955355284879e-06,9.66203810180302e-06,-3.04537510337651e-05,-9.18030739328236e-06,3.46819323829375e-06,-2.19673632330215e-05,3.20278792954218e-05,-1.81614985913875e-05,-3.48823003182039e-05,-5.62302944613339e-06,7.1049217894696e-07,-3.24255940487142e-06,3.30071544984173e-05,-7.99084287993604e-05,1.20240496998963e-05,0.000796136958557832,0.000490634316408578,0.000186752180900629,0.00102503270570957,0.000549324050592287,-0.000901746994892865,-0.000715312546714197,-0.000126076162121875,0.000149792442365695,0.00067583786660243,-5.17333142455003e-05,-8.70653206181836e-06,0.00083912024082175,-0.000457269652604108,0.000682022697159943,-5.80360891694719e-05,-0.000381502037284539,1.76518748019919e-06,1.5195502999073e-07,7.5524460378728e-07,-1.45438257131465e-06,2.3222042879784e-06,-2.72739009474433e-06,-1.80866334156873e-06,-1.43709487769101e-06,-1.29876953899422e-06,-4.18310953516226e-06,-0.00054689796444967,-0.00040022102584006,-0.000748869778443083,0.000189437576640096,0.00079614397378861,-0.000138774569893309,-0.00162660444521792,7.02050816895024e-05,-0.0003283904472955,0.000278414308069604,-9.6794291554875e-07,-0.0175974682043762,-0.0133782601513633,0.00260966024320639,-0.0195410391503791,-0.000141745416818993,0.000757335183833984,-0.000162905309841941
"east_of_england","alpha_D",-0.000143800296610076,0.0350896577155024,0.00182932592826454,-0.000293849042014976,0.000535916375860884,-4.3639867877318e-05,-0.00024611645535613,0.000236516472116633,6.15557514015071e-05,-0.000391033098698693,0.000184090791536751,-7.74843367654687e-05,-3.11949353176135e-05,0.000148468273951735,-0.000361711129433992,0.00115611381249632,0.000258125327151156,-0.000514141561130099,0.000765850249116043,-0.000337885876044881,-3.2241574787808e-05,-0.000160786111866171,-7.50661807974016e-05,0.000120415857202535,-0.000174249614844571,-0.000163134551586703,-6.74784410710197e-05,-0.000136320126301385,-9.9816181318665e-05,-0.000114652521270008,-2.37471755362091e-06,-0.000113807505645866,-0.000179986962887394,6.22301398075155e-06,-1.54191552759369e-05,7.49731878060087e-05,-8.98706644106795e-05,-3.02400018585788e-05,-0.000129901085922165,0.000301617624343476,0.004913558684411,0.00308803721111695,-0.00088401407445035,-0.0037236288267064,0.000958963999542178,0.00367764491297021,-0.00455812857771159,-0.00241732843134743,0.00510637180110547,-0.000849173992417033,0.000313121818965305,0.00200214579987857,0.00959345431383818,0.00323167026436728,-0.00016476869867862,-0.000132518248690918,-0.0148271240088628,-1.23277084783048e-05,-2.17492986252224e-05,-9.30427594652194e-06,-1.71518643532148e-05,-3.35179361664853e-07,-1.84478492925929e-05,1.89648078060961e-05,4.54038638852575e-06,4.81751765418959e-06,-1.78372799277569e-05,0.0122681256529049,-0.00625914344156121,0.00545242015100815,0.00024306412748055,-0.00074965603431888,-0.0035996944181106,-0.00661190020347725,0.00229683351988443,-0.00219445508543876,0.00157533759305163,6.56405895646593e-05,0.207990562908252,-0.0638405971599573,0.0208181358306611,0.209304839230648,0.00256479339666296,-0.000326803521971735,0.00120013102656252
"east_of_england","alpha_death_hosp",-4.06386482503316e-05,0.00182932592826454,0.00117796797350569,-6.29087184698749e-05,0.00010174446482571,-3.45493902642979e-05,-4.67964519393994e-05,6.84680973060907e-05,-2.59571788256771e-05,-2.61105771266856e-06,4.59385403800747e-06,-1.41952859983817e-05,4.50775355984502e-06,-2.77232081736376e-05,5.3289180555025e-06,0.000247381269306332,-1.92905375539157e-05,1.27544832402524e-05,-8.98610642912193e-05,-1.96397537904829e-06,-2.62813575327072e-05,-1.14368067551053e-05,-2.01631009633516e-05,-4.16609630816382e-05,6.54704460853364e-06,-3.69428853861087e-05,2.04239681496832e-06,-2.54586385532137e-05,-3.43955451061565e-05,-3.47480969065169e-05,1.14441563702778e-05,-3.73937222656643e-06,-4.9070214711224e-05,7.58172182285914e-05,-1.08001153063079e-05,-9.67797171955782e-06,9.41870526758593e-06,1.64832051113498e-06,-4.77409195066802e-06,4.71418933884359e-05,-0.000589707011086998,0.00193215119649505,-0.000353456848415463,0.000346929303888452,0.000480023478396845,8.16436196968268e-05,0.00047148811138802,-0.000733447151076897,-0.000441696706239638,-6.69276136881052e-05,0.000384540644116186,0.000106756513694921,-0.000419494328960369,-0.00024213797500487,-0.000225727823164194,0.000128768219457959,0.000213292056581589,-4.86265311158819e-06,-2.25879078874642e-06,2.43183610272702e-06,-4.66469343875197e-07,4.53963168257505e-06,-2.07841069808997e-06,3.85958265272121e-06,-1.86180148005576e-06,3.22876319736677e-07,1.10140003318439e-07,0.00401025570721025,-0.00357524909056797,0.000614736659606973,-0.00298756325331483,0.000659833182291834,-7.27800223495142e-05,-6.98295395219397e-05,-0.000294362603003884,0.000131399836845435,0.000301952239077016,-4.69403401668143e-06,0.0330318884089618,0.0356583556539864,-0.00645573586924198,0.0390890635908417,0.000427820936642614,0.000323199076298667,0.000155345733925925
"east_of_england","alpha_H",-1.51597948821448e-05,-0.000293849042014976,-6.29087184698749e-05,3.05137010405945e-05,-1.62124646941272e-05,3.88880638237766e-06,5.67897685306394e-06,-1.33330517180408e-05,7.71456233725805e-06,-2.43013879582623e-06,6.85798173081977e-07,5.80781960045721e-07,1.61020134669563e-06,-5.79319801600143e-06,6.9330552274812e-06,-0.000111048384165418,-4.38172591321764e-06,2.47178023480519e-06,-6.795019311891e-06,-4.72749518251843e-06,-7.45593140066515e-07,-2.02111027026253e-06,1.87928545653924e-06,-6.44735789800287e-06,3.75599147892573e-06,-1.45989677116551e-05,5.98611070181576e-06,6.58495963151125e-06,-8.18858972967493e-06,1.38006390709758e-07,-1.91163797677233e-06,-7.32426688715424e-07,-1.36578084994098e-06,1.15709377081678e-05,-1.19604842963981e-06,3.01106079016398e-07,2.98055759957232e-06,-3.82233350990281e-06,1.05863676856311e-05,-1.23802879687072e-05,0.000155006510357248,1.40516385424624e-05,7.75513929362507e-05,0.000215077904398043,0.000253599231802578,-0.000207375014831241,-0.000146053305616253,-3.89272968557957e-05,-3.0579685162246e-05,-9.66815149046576e-07,-9.46600898061223e-07,-4.79570430993708e-05,6.48056565731158e-05,-0.000182001501687601,4.4623458451906e-05,-6.77974196497636e-08,0.000177776817982763,1.79824782930664e-08,4.79111009444535e-07,-1.1721432411889e-06,-1.5395312767884e-07,2.06695138391971e-06,9.31290668119859e-08,1.33767009147824e-07,-5.24182990647129e-07,-5.06914650843186e-08,4.59498435661382e-07,-0.000101732222388265,2.97833552313129e-05,-0.0001142390442402,-0.000224387263678657,0.000165548531761597,0.000103895610394946,-0.00038732746678336,-5.18020009071923e-05,-7.78337378668113e-05,3.69847477096851e-05,-5.89552916657835e-07,-0.00278108227441297,0.0060206691105918,-0.000511878112679515,-0.0103052103883628,-3.39294607571592e-05,0.000109535861170497,5.72962802739025e-05
"east_of_england","beta1",-9.62159396744158e-05,0.000535916375860884,0.00010174446482571,-1.62124646941272e-05,7.9394681540537e-05,-9.25994945347858e-06,-1.64409944115024e-05,2.79111242065744e-05,-4.84008262943979e-06,-1.2113123094878e-05,3.63814932358986e-06,-2.31250794581094e-06,-1.99231241155607e-07,-5.08105062224693e-06,-4.24427373302198e-06,8.78442965029718e-06,9.75149772981159e-06,-1.05320608665368e-05,8.64644918669027e-06,-6.84082512480454e-06,2.91280245044956e-06,-8.25062823590728e-06,1.54596581598709e-06,-3.53432886216173e-06,5.81094175369578e-06,-2.26467065998281e-06,-4.00105815186435e-06,1.02794628038025e-06,-6.34066671316471e-06,-7.32337937024601e-06,8.09624432339393e-06,-1.62474988063924e-05,2.36705054885032e-06,-2.31737529356425e-06,-6.1854070943928e-07,3.15336707811545e-06,-7.49271406015505e-06,-5.75197721591667e-06,2.03702485463871e-05,1.93142143517638e-06,-0.000196768796032067,6.89942987609518e-05,-0.000111864883481153,-0.000286564738713829,-0.000107903106930277,-2.11437638585643e-05,0.000481177058496609,-0.000265149338834043,-9.74706675296045e-05,-0.000218575415039613,5.37221609754618e-05,0.000115097480542318,2.39150883445739e-05,0.000244983073332045,-0.000208644013054461,1.68944412505043e-05,-0.000192442288374024,-1.04610167615251e-06,-1.04050967818602e-06,4.17755306614375e-07,4.14076399024192e-07,-1.27158566682266e-06,1.20842786843562e-07,8.86976552880773e-07,8.03188588604004e-07,6.42725614054426e-07,5.06716528705541e-07,0.000464644255168602,-0.000481455757429722,0.000223264012094085,-0.000500536547297197,-0.000458056876722006,-6.14416437154227e-06,0.00038090304379597,2.85558210295751e-05,3.32219057533051e-06,-6.44809702360166e-05,6.55711223438253e-08,0.0125333526217804,0.00942761351967901,-0.00223582355644639,0.0225297977981444,0.000117693038894654,-7.78688940268951e-05,7.35195371417259e-05
"east_of_england","beta10",3.91759236394814e-05,-4.3639867877318e-05,-3.45493902642979e-05,3.88880638237766e-06,-9.25994945347858e-06,2.16130133556683e-05,-1.58278862167654e-05,-1.85393546665989e-06,-1.49138850403655e-06,6.87488705476621e-06,-4.41222541876079e-06,3.09808937065813e-07,5.93524930303217e-07,1.39425821272368e-06,-9.67732556848718e-07,-3.94978054018676e-05,-3.79833825936776e-06,-1.86342802076116e-06,-6.45433312719969e-06,-5.64364182902672e-06,-7.9105751145717e-07,-4.19332792116909e-06,-1.20865763319886e-06,-1.74180871162401e-06,-8.74528979107894e-06,-5.82579524687678e-06,4.93827064376648e-06,-1.7495738756764e-06,-4.70511375248565e-06,-2.19364738975347e-06,-9.86975343016589e-07,-8.93953306299847e-07,-8.9279919520099e-07,2.14618881751905e-06,-1.25174729315594e-06,-1.13181621361299e-06,4.96772324153445e-06,-4.77595856184187e-06,1.29202687347116e-05,-2.39355812907824e-05,0.000101903730325027,-7.59921950846727e-05,-5.5075352271114e-05,0.000167749096738394,1.65793246505007e-05,-0.000294463839714295,-0.000102857043178214,-8.00503531124258e-05,1.24890599917104e-05,0.000104487271856985,-2.7988178817428e-05,-5.57836076517924e-05,0.000103009995519154,-2.68353588795155e-05,2.33430601585299e-05,-1.61292976925529e-05,-0.000182277731531557,2.04537857090439e-07,4.39874372634322e-08,-4.30335867627227e-07,1.99432076157241e-07,2.47123186546408e-06,-1.30834973673052e-07,-1.83067729408614e-07,-2.2512565221475e-07,-2.63293350857057e-07,-3.31449625761012e-08,-0.000170136123060682,0.000287685853385416,-0.000148100094014033,0.000278439248298051,0.000138501000642042,8.28676721133911e-05,-0.000393285587060119,-1.13747953958364e-05,-9.24560429533696e-05,7.43906333190783e-05,2.61802866047899e-07,-0.00307524660613561,7.61423041915995e-07,-0.000652974674729216,-0.00539189066728143,2.41030614666246e-06,0.000169033771727402,-4.44742051053812e-05
"east_of_england","beta11",-1.22102663472512e-05,-0.00024611645535613,-4.67964519393994e-05,5.67897685306394e-06,-1.64409944115024e-05,-1.58278862167654e-05,2.49778759749609e-05,-1.36258728473747e-05,6.52934861458358e-06,-5.43636050111097e-06,5.38745916777722e-06,7.5350283578801e-07,-6.25002318638174e-07,2.15625620559018e-07,3.63575935368899e-06,5.46902192066531e-06,2.34794876694853e-07,2.67673471147792e-06,9.94151786541358e-06,2.78310744858878e-06,9.01190104618251e-07,6.00529787681632e-06,8.7453761753169e-07,1.59488092078188e-06,6.01045453407137e-06,5.44532172321272e-06,-1.7979958379842e-06,2.14220409920673e-06,4.41882559316472e-06,7.09222783741351e-06,-3.06304455561514e-06,4.67955939603217e-06,1.69358092742769e-06,-5.33703943964713e-06,6.40862061369007e-07,2.57774944532549e-06,-5.30957094270411e-06,6.98918504385456e-06,-1.85687831818292e-05,1.9465438437052e-05,6.40415006507935e-05,-1.38096653981803e-05,0.000131621057488575,-2.14936196169874e-05,7.13430525812065e-05,0.000164666055531004,-7.87584048966353e-05,0.000137967941096893,3.55225003139e-05,-3.04037994834389e-05,1.59600517132325e-06,2.42366282704017e-05,-6.75092715579335e-05,-0.000101055251280731,9.52221782992279e-05,4.65461082991753e-06,0.000266110347731846,3.15179708241138e-07,3.11511739466668e-07,8.05950616229323e-08,-4.05991459198831e-07,-2.32913918404135e-06,9.70327977964715e-08,-9.15054209861714e-08,1.8773828054926e-08,1.55393732651841e-08,-2.20051823744275e-07,-4.12392680341922e-05,-3.82937175386017e-05,3.74851674970268e-05,-0.000189094306088436,6.08843482453231e-05,-8.87736346797022e-05,0.000257448781178085,-2.14321172341028e-06,0.000117764832842554,-6.4728734756022e-05,-2.2901796547214e-07,-0.00198398774284469,-0.00193447204227286,0.00131035610254135,-0.00334036970281749,-6.39407218673912e-05,-0.000104561412601762,2.33165313234952e-05
"east_of_england","beta12",-3.29407326264039e-05,0.000236516472116633,6.84680973060907e-05,-1.33330517180408e-05,2.79111242065744e-05,-1.85393546665989e-06,-1.36258728473747e-05,2.19088961005909e-05,-1.03261727619941e-05,3.14873789672021e-06,-4.64911328939742e-06,-1.02453337580544e-06,-3.68096201964547e-07,-1.90894159646077e-06,-3.7215789205766e-06,5.72321443705298e-05,3.36730992870075e-06,1.259594231334e-06,-6.29231066410153e-06,2.31730234240762e-06,1.46832953656325e-06,-1.80325798791871e-06,-1.18029790303829e-06,6.10835663959355e-06,-2.60978851489201e-06,6.03338376003891e-06,-5.87678210750549e-06,-1.56826140899539e-06,3.59370347261811e-06,-6.41410084779251e-06,5.77726310036426e-06,-5.14519285361038e-06,1.82054032410677e-06,-1.16162800542524e-06,2.00645928825143e-06,-3.12960640286752e-06,3.64035591639793e-06,-4.5403115594326e-06,1.13050111081477e-05,-1.71117000357841e-06,-0.000288873338715096,-6.40950810265101e-06,-0.000109779916752756,-0.000229628770982925,-0.00022223530258563,0.000135938044864234,0.000244633663759544,5.90811638174393e-05,-5.69019872504983e-05,-4.95788773244457e-05,1.60643027299986e-05,2.04544831605841e-06,-0.000139176881149146,0.000220127498925113,-0.000207038863588425,5.54853619539551e-06,-0.000158873903328114,-4.81289799081217e-07,-4.26144930020537e-07,7.99857743197818e-07,5.92327579191302e-07,-3.79102883485742e-07,2.78205887146419e-07,5.68493167038987e-08,4.68548179463903e-07,2.38652558548074e-07,5.42282516208498e-07,1.10547709239187e-06,-0.000146769873012473,0.000112783569928334,0.000189386479238266,-0.000243040107547362,1.54859459657152e-05,0.00030542096760809,1.63662369006922e-05,4.12832818412027e-05,-2.74527718163244e-05,8.33475472861996e-08,0.00615397086094814,0.000175774337509909,-0.000849980798509285,0.00971492603396957,0.000100692515110749,-9.73182147109689e-05,-3.20676574382957e-05
"east_of_england","beta13",-2.99982808376189e-06,6.15557514015071e-05,-2.59571788256771e-05,7.71456233725805e-06,-4.84008262943979e-06,-1.49138850403655e-06,6.52934861458358e-06,-1.03261727619941e-05,8.64379214677158e-06,-8.65311805933267e-06,5.17976582085421e-06,2.28062085299526e-07,-4.90473734157002e-08,1.81634357613744e-06,2.38751613903029e-08,-4.47318738035349e-05,1.82932559212148e-06,-6.14329834403217e-06,1.23655359783237e-05,-4.9679306913623e-06,4.09799975100899e-07,-1.18259117960648e-06,1.23433020611506e-06,-3.42902189290986e-06,4.22162339871925e-06,-7.21539247290866e-06,4.08274033245484e-06,2.62676145411199e-06,-4.14418123507665e-06,3.09111596734186e-06,-2.07354940023071e-06,-3.90021045518525e-07,-1.78847975721129e-06,5.22169118897681e-06,-2.13308601764565e-06,4.32461164276834e-06,-5.48050238102538e-06,1.82810906947168e-06,-3.12151814242578e-06,2.6989955999476e-06,0.000211701668419488,3.02451317871298e-05,3.7218795210506e-05,0.000109202762533656,0.000180571212852263,-2.8217939816795e-05,-0.000147237301904354,-0.00014471881533867,5.75429756689081e-05,-4.50982611135622e-05,-8.66704777029742e-07,1.48789620078238e-05,0.000102242320234058,-0.000109352681511185,0.000101566050332912,3.01086823352564e-06,1.05196014472432e-05,1.37341330516217e-07,1.18077306632648e-07,-6.99175223749483e-07,-3.85072426541791e-07,4.3691205147159e-07,-1.46782959723012e-07,4.44661355765287e-07,-1.88386289860405e-07,5.43955074162193e-09,-2.0170401006108e-07,0.000171150091657439,2.68748210489236e-05,-3.06817726462396e-05,-0.000284027685718456,0.000136719291320952,-3.44224021043603e-05,-0.000141223472735373,-1.81391666224706e-05,-4.40380679051969e-05,1.36014475814621e-05,2.48994334395951e-07,-0.000967704954104211,0.000809365907448165,0.000177375809865836,-0.00277839154460723,-3.77558801730346e-05,3.14744020595333e-05,4.54322443277904e-05
"east_of_england","beta14",3.35978833455636e-05,-0.000391033098698693,-2.61105771266856e-06,-2.43013879582623e-06,-1.2113123094878e-05,6.87488705476621e-06,-5.43636050111097e-06,3.14873789672021e-06,-8.65311805933267e-06,1.75224962289868e-05,-8.87464563646745e-06,9.70737561756685e-07,1.55560055626437e-06,-2.86846876359047e-06,3.38528333051913e-06,2.14251154761008e-05,-5.34181695859917e-06,1.25844639058589e-05,-2.23219505549819e-05,1.06625240184328e-05,-8.34785303104928e-07,3.56859209129358e-06,3.52747616364181e-07,1.32885231986659e-06,-4.48998845758685e-06,9.33733826172482e-06,-1.8085900346044e-06,-2.20188582737641e-06,5.87999822818187e-06,-6.38055168994715e-07,1.14172551394914e-06,3.97310002766479e-06,4.38102280275159e-06,-8.49302894182939e-06,2.57039580296809e-06,-7.43457441109824e-06,9.67867527831733e-06,-2.25865661898731e-06,3.21210895118529e-06,-9.16584300856878e-06,-0.000180763184303233,-8.62422152580164e-05,3.51875477294756e-06,4.64570951371403e-06,-0.000173907736439939,-0.00013317302687407,0.000143324584702479,0.000220475519680731,-0.000109667083968636,0.000112447667595348,-1.20154806356421e-05,-3.50871171433118e-05,-7.23262132908701e-05,5.88006868511432e-05,-5.34890100683914e-05,-1.20204102847714e-05,0.000101071370398342,1.15629674365249e-07,1.17141038795979e-07,6.16846667840365e-07,4.23575642691722e-07,2.88119078318628e-07,9.0870364849481e-08,-1.06103584106864e-06,-4.65654599622035e-08,-2.44760806222341e-07,-1.55981950434424e-08,-0.000415998614958585,6.92125561433155e-05,-6.10323994755427e-05,0.000413522486230213,-0.000163913977173939,0.000126577871049279,-3.67945985334582e-05,5.08130270119607e-05,-5.01453091846212e-05,1.51248227228518e-05,-4.69617368267885e-07,-0.00471063120346313,-0.00110477859181201,-0.000130885174622631,-0.00297587888092069,-3.41737789988612e-05,1.27917627574152e-05,-7.29303057136903e-05
"east_of_england","beta15",-7.7408541777631e-06,0.000184090791536751,4.59385403800747e-06,6.85798173081977e-07,3.63814932358986e-06,-4.41222541876079e-06,5.38745916777722e-06,-4.64911328939742e-06,5.17976582085421e-06,-8.87464563646745e-06,7.27555432440553e-06,-8.23631534282989e-07,-2.62870088675438e-07,7.90467337398643e-07,-5.60336233180445e-08,-1.24199385177554e-05,8.09711874474008e-07,-5.37459636347009e-06,9.29872864190424e-06,-5.32296287995337e-06,-8.05321849676306e-07,-1.25716928430189e-06,1.52142083791129e-07,-4.11299744012717e-06,2.36180740088222e-06,-4.95922137239398e-06,1.28721362513414e-06,1.14863189186476e-07,-4.10547851336985e-06,1.41547362058989e-06,-2.08251864618697e-06,-1.52675495713937e-08,-3.33708106539899e-06,2.44435628159102e-06,-1.45428717456863e-06,3.5563509307945e-06,-4.67923304525985e-06,1.63990251131055e-06,-5.66648425296398e-06,7.70734209793873e-06,0.000157246581721256,8.51795388338309e-05,3.28450279718244e-05,4.3238027472985e-05,9.68425687227216e-05,-1.09835160288701e-05,-6.05445485128231e-05,-0.000138525018341932,4.97760712858691e-05,-2.63645298494111e-05,9.86417920301919e-06,3.4702183457038e-05,7.41802193110831e-05,-0.000100564468741843,7.85987790262612e-05,8.1111528310625e-06,-4.87602961904141e-06,-6.83583354110477e-08,-3.8289676172894e-08,-3.01015939586896e-07,-3.70097953036845e-07,-5.79084492647098e-07,-1.89495764130396e-07,4.18500972238338e-07,-6.99486356776072e-08,8.26912329808208e-08,-2.07029389361931e-07,0.000337446007445261,-8.30196217571524e-05,3.02481272964919e-05,-0.000229101660981248,9.03320836313944e-05,-6.86732385089574e-05,-3.6965192092988e-05,-3.11546098484138e-05,1.79962495020241e-05,-3.57112918050867e-06,-1.26411679980294e-07,0.0011873139600189,0.00180954020571742,0.000129195560503639,0.000840662638476217,-8.60523554134809e-06,3.4772936334637e-05,4.04966900392959e-05
"east_of_england","beta16",4.02243297504244e-07,-7.74843367654687e-05,-1.41952859983817e-05,5.80781960045721e-07,-2.31250794581094e-06,3.09808937065813e-07,7.5350283578801e-07,-1.02453337580544e-06,2.28062085299526e-07,9.70737561756685e-07,-8.23631534282989e-07,6.82338400791531e-07,3.5225605907314e-09,8.53711773753653e-07,4.96508923003975e-08,-3.43809448129788e-07,8.2245622987823e-07,6.55791959504415e-07,7.78835037266996e-07,1.03866721388233e-06,9.44226578092949e-07,6.61682077607849e-07,8.54505117233353e-07,9.28663339675104e-07,9.4279995742072e-07,1.50524129559519e-06,-1.82821721995198e-07,1.10734160559885e-06,1.42788240745536e-06,9.82947825344843e-07,2.79641376851438e-07,5.41027816806211e-08,1.72413579930199e-06,-2.36232522785087e-07,3.6455022969885e-07,-7.33523861753569e-08,-6.21008738351035e-07,4.35597488524562e-07,6.26647750831768e-07,-1.51733564746286e-06,-2.79000998380244e-05,-5.28329697977459e-05,1.09162387921643e-06,-1.46508911939283e-05,-1.44351774674321e-05,4.63633081005682e-05,-1.61946303421131e-05,8.57634138495337e-06,-1.84815245538062e-06,-1.71459949011707e-06,-7.62985478457824e-06,-4.02797479795576e-06,-1.0241236118414e-05,2.21551921780661e-05,4.5093814979205e-06,-1.27295617100991e-06,2.97602154534751e-05,1.0030907557368e-07,7.9365894482464e-08,2.38975564091279e-08,7.36926549106726e-08,1.56771722759545e-07,7.99315223497226e-08,-8.44231633899916e-08,1.57894600092284e-08,-3.69631517684921e-09,2.29164358333963e-08,-0.000106604720466827,6.89955874876244e-05,-1.25841519994644e-05,5.66162761117693e-05,-3.76558634040352e-05,1.24087425905165e-05,1.8680648244943e-05,2.13037125765372e-07,-2.19756710565127e-05,-1.17754192621572e-05,1.07604140440837e-07,-0.00132519590197112,-0.000628802592237521,2.63550358628648e-05,-0.000521326520595571,-1.93979794026314e-05,-1.3919679742754e-05,-7.48912944743036e-06
"east_of_england","beta17",-3.85503805016243e-06,-3.11949353176135e-05,4.50775355984502e-06,1.61020134669563e-06,-1.99231241155607e-07,5.93524930303217e-07,-6.25002318638174e-07,-3.68096201964547e-07,-4.90473734157002e-08,1.55560055626437e-06,-2.62870088675438e-07,3.5225605907314e-09,1.09295140568857e-06,-1.93834546875404e-06,1.44080384509425e-06,-1.55317156163779e-05,-4.73978298909502e-07,2.156479378229e-06,-3.73468204880291e-06,1.04840825256606e-06,4.8362011550811e-07,4.66218208934953e-08,9.62516598290686e-07,-6.4927106434811e-07,1.119772511252e-07,1.86812156303045e-07,6.70182376599599e-07,6.83753782473806e-07,5.76703323578224e-08,2.55657113965855e-07,6.61316667435672e-07,-2.27265975138957e-08,8.85615490279688e-07,5.11605422158761e-07,2.43279883484317e-07,-1.54692642726005e-06,2.45660596074502e-06,-2.30554055282531e-06,3.50183840863892e-06,-2.23913456339977e-06,6.21725345841443e-06,-6.16892895852277e-06,1.05412622607515e-05,2.19549086893533e-05,-1.48315617642325e-05,-7.41053036029982e-05,4.15989754380818e-05,6.22636648856761e-06,-2.83941958838902e-05,4.63260139642592e-06,3.79172002995127e-06,-1.42300931956266e-07,7.03631988791455e-06,-1.06494464114625e-05,-7.60234698358523e-06,-3.09392506498908e-08,2.10475007376753e-05,-6.51002460525413e-08,6.41029272300444e-09,-8.6321955164491e-08,3.65653938481042e-08,2.80644001022854e-07,1.98433309627419e-10,-1.60867558205306e-07,-5.82677308745079e-08,-3.23265156652746e-08,3.07022003079619e-08,2.04630574204732e-05,-3.49275625182017e-05,3.99743030381678e-06,3.8664065502679e-05,-5.00074980285193e-05,4.59130082234196e-05,-4.97839534070681e-05,1.33225664765914e-05,-4.48221984862815e-05,1.15795711417421e-05,-4.73539339730526e-08,-0.00104770674889501,0.00127609906310017,-0.000254712629685045,-0.000826077639515814,-1.78002188582851e-05,4.43842074393415e-06,-5.34172974753136e-06
"east_of_england","beta18",2.49808325660449e-05,0.000148468273951735,-2.77232081736376e-05,-5.79319801600143e-06,-5.08105062224693e-06,1.39425821272368e-06,2.15625620559018e-07,-1.90894159646077e-06,1.81634357613744e-06,-2.86846876359047e-06,7.90467337398643e-07,8.53711773753653e-07,-1.93834546875404e-06,8.25574735324098e-06,-6.28545894418484e-06,3.44383487101651e-05,4.3207842870029e-06,-7.67259128684801e-06,1.56560278063995e-05,-2.12143439407274e-06,4.33849197559262e-07,-7.09488520237812e-08,-4.94616057223154e-07,2.71223632360853e-06,-1.8731807488792e-07,1.2564068146313e-06,-6.04276168775316e-07,-1.16235821212964e-06,1.90842775095562e-06,1.95022712182528e-06,-1.55635056464534e-06,8.30680286764695e-07,2.02882641643947e-07,-3.02571888588326e-06,-5.26021691158335e-07,3.48000093358694e-06,-5.93478078722165e-06,4.64108562893592e-06,-8.06308333129264e-06,3.59332386470636e-06,5.08917142413375e-05,-6.91063202825989e-05,-1.92965662073757e-05,-3.13426806838675e-05,1.16982910715086e-05,0.000176802140815026,-0.000165847861769916,-3.50319980911009e-05,9.90401947552013e-05,-3.02987592299659e-06,-2.49881352371891e-05,7.10665538830965e-06,7.36475389339139e-05,5.57957203029581e-05,5.48425093734481e-05,-3.9636853785004e-06,-0.000152821189976953,3.38603875227232e-07,-2.37919897928607e-08,1.06705667445876e-07,-9.98815998625627e-08,-2.80803094776629e-08,-9.1679278851422e-08,1.78856366017244e-07,1.1627058153078e-07,-2.13645546607059e-08,-3.58114548581963e-07,-0.000126304082031006,0.000186045430123633,-3.73403227684219e-05,7.95445775648544e-05,4.62235102437696e-05,-8.35640743145323e-05,1.30967172038744e-05,-5.32119190058696e-06,-1.09961288828484e-05,-1.79089017354923e-05,7.41261232938735e-07,-0.000780712098887645,-0.00504582027796725,0.000655252969730542,0.000785975582383688,-1.10533645998492e-05,-3.95775648246324e-06,-1.41609170909921e-05
"east_of_england","beta19",-9.20602026643335e-06,-0.000361711129433992,5.3289180555025e-06,6.9330552274812e-06,-4.24427373302198e-06,-9.67732556848718e-07,3.63575935368899e-06,-3.7215789205766e-06,2.38751613903029e-08,3.38528333051913e-06,-5.60336233180445e-08,4.96508923003975e-08,1.44080384509425e-06,-6.28545894418484e-06,8.4147457750431e-06,-3.48791159695267e-05,-6.03082626457646e-06,8.96125981991836e-06,-1.63797381775705e-05,3.00007200255897e-06,-7.98043990527977e-07,1.55622983037586e-06,1.27520121972632e-06,-5.37453063636946e-06,2.93667592932156e-06,-1.71435042322426e-06,1.60978065522456e-06,2.34071668821075e-06,-1.91704859739335e-06,1.50461578019488e-07,-1.29609836205909e-07,1.67446728678506e-06,-3.6888161333148e-07,5.2459585729163e-06,4.26989526821402e-08,-1.84488884894417e-06,2.60723597333645e-06,-1.10067236247484e-06,3.49210318397589e-06,-3.35251414830411e-06,-2.89787153473245e-05,6.11486437845763e-05,2.32043022746812e-05,8.42248707052106e-05,3.61960834362714e-05,-0.000120907943061577,9.12281338185689e-05,-3.99271591277168e-05,-9.42741503450497e-05,2.0948625297273e-05,1.4403532334778e-05,-1.74672592787155e-05,-0.000108866473131034,-0.000121580069833141,1.78304790750525e-05,6.72119601845761e-06,0.000277756630214999,-1.02333996860073e-07,3.116399137808e-07,-1.22897066513347e-07,7.87632419916675e-08,1.32197559930904e-07,1.37485810513554e-07,-1.22171969027239e-07,-2.47473177056284e-07,5.63270904810461e-09,2.98572804837861e-07,9.88503364654768e-05,-4.93487207062581e-05,-2.08841303787332e-05,-0.00013582736991298,2.68597436161941e-05,6.83228216542047e-05,-1.8451551936606e-05,-3.53644280347985e-05,6.90706623440666e-06,5.1515955667569e-06,-1.18585383277673e-06,-0.00181077073631065,0.00450779108655862,-0.000521927303153934,-0.00314010995628726,-2.46467423174863e-05,3.20655324980312e-05,1.32818063838852e-05
"east_of_england","beta2",0.000150860758392165,0.00115611381249632,0.000247381269306332,-0.000111048384165418,8.78442965029718e-06,-3.94978054018676e-05,5.46902192066531e-06,5.72321443705298e-05,-4.47318738035349e-05,2.14251154761008e-05,-1.24199385177554e-05,-3.43809448129788e-07,-1.55317156163779e-05,3.44383487101651e-05,-3.48791159695267e-05,0.000754410013377921,1.33528811372217e-05,-2.66406240513605e-06,2.79980420103091e-05,2.48404210510607e-05,-7.13882895959169e-06,2.13333803271115e-05,-1.92632719904411e-05,4.08461444146238e-05,-1.84416778820291e-05,7.08003557902259e-05,-4.8219714797684e-05,-3.26532489698561e-05,4.71903733798562e-05,-4.84571440057266e-06,3.15122498316074e-07,1.92050455281827e-05,8.81002907574257e-07,-5.71543525565337e-05,1.33264002215512e-05,-2.3903265491236e-06,-1.89682060258696e-05,4.58452572160799e-05,-9.82129904822735e-05,8.6278359832197e-05,-0.00125137899681566,-4.46091113162421e-05,-0.000181002600093653,-0.00122172831897976,-0.000933668163257428,0.00204435461332273,-7.25377762543604e-05,0.000951485884189247,0.000283702306300088,0.000233467273411422,-3.2789995352792e-05,0.000109717092845925,-0.000454426561781397,0.000937360413092758,-0.000224219305436956,-6.41807943270435e-06,-0.000460499723571357,5.17292416701966e-07,-1.24130739516288e-06,7.51421506633852e-06,6.89509835821263e-07,-1.08200931351895e-05,-1.41301516302173e-07,-6.89654331226026e-07,2.17636877856416e-06,4.33943951269194e-07,-1.78591508622192e-06,-0.000905641917670446,-0.000287987106327737,0.00043793239582606,0.00119297783952616,-0.000514608912257924,-0.000740541897662105,0.00204464232631771,7.24371812089447e-05,0.000671429960637711,-0.00031883344055765,2.20124736606656e-06,0.0150271064449291,-0.0368148287976478,0.00562290125258929,0.0384759338876435,0.000278472853062964,-0.000540623424073949,-0.000306223530293577
"east_of_england","beta20",-2.49686667784892e-05,0.000258125327151156,-1.92905375539157e-05,-4.38172591321764e-06,9.75149772981159e-06,-3.79833825936776e-06,2.34794876694853e-07,3.36730992870075e-06,1.82932559212148e-06,-5.34181695859917e-06,8.09711874474008e-07,8.2245622987823e-07,-4.73978298909502e-07,4.3207842870029e-06,-6.03082626457646e-06,1.33528811372217e-05,9.51411545042145e-06,-6.42853573302383e-06,1.78754223755066e-05,-9.77810735819705e-08,4.55087425037552e-06,-2.53935310352859e-07,2.24374137909023e-06,7.85362641818092e-06,2.35888182137821e-06,4.9013366414224e-06,-2.30169755467168e-06,2.75543074608923e-06,4.97700051755522e-06,1.94160467970801e-06,2.70809874088993e-06,-3.74144493084781e-06,4.93922906864295e-06,-2.32201021928336e-06,1.02059886993472e-06,1.48851544276309e-06,-4.04877444692634e-06,-6.29882122277904e-07,3.07774064117372e-06,2.29418055745572e-06,-3.62270558202212e-05,-0.000155055290296624,-2.46774719270589e-05,-0.000170074708215463,-8.69302393062921e-05,0.000218997359823143,-1.82724894558383e-05,4.62270964988e-07,6.2342443630201e-05,-8.82170933110661e-05,-1.63159782699928e-05,2.79642649233015e-05,5.37023403634228e-05,0.000160584571073134,-4.65229810889942e-05,5.20293089289041e-07,-0.000144964289101362,8.82265621047701e-08,-1.72856401585551e-07,-6.36905681551621e-09,8.18168247261036e-08,-1.98770822942999e-07,1.45460338219473e-07,1.06364631046244e-07,3.66514455958163e-07,1.33419741374462e-07,2.67175558937952e-08,-0.000117538546835705,0.000115417475946826,7.64950280964233e-05,0.000145075298625461,-0.000181716559916224,-3.4092343309789e-05,0.000149779582499886,2.21986160486339e-05,-4.73674225041034e-05,-4.34584220203264e-05,1.33738481269658e-06,0.000773363398623875,-0.00339266135210809,0.000271620691978181,0.00408955344249179,-1.12127968994493e-05,-0.000129529841307884,-1.85277333300573e-06
"east_of_england","beta21",-6.72900852673812e-06,-0.000514141561130099,1.27544832402524e-05,2.47178023480519e-06,-1.05320608665368e-05,-1.86342802076116e-06,2.67673471147792e-06,1.259594231334e-06,-6.14329834403217e-06,1.25844639058589e-05,-5.37459636347009e-06,6.55791959504415e-07,2.156479378229e-06,-7.67259128684801e-06,8.96125981991836e-06,-2.66406240513605e-06,-6.42853573302383e-06,1.87953427307502e-05,-3.0241924640403e-05,1.51361315102083e-05,-8.51407662567319e-09,5.37372867713537e-06,2.12098730805464e-06,1.3127035705801e-06,1.18850070425579e-07,9.51740247808863e-06,-1.96172411997229e-06,1.33276103666454e-06,6.49192043446397e-06,-2.38792146847086e-07,2.03315670353759e-06,4.03724488221599e-06,3.90509804950493e-06,-5.515761958756e-07,3.1452493981889e-06,-8.22484847229723e-06,1.04427056183425e-05,-3.63827939227645e-06,4.93442004391758e-06,-4.75449378161283e-06,-0.000264116774101119,-3.06363716791468e-05,2.70955020474444e-05,-4.03900875194566e-05,-0.00019860531691373,-2.61691593243209e-05,0.00020253879133631,0.000177515847789572,-0.000143796476946756,5.68187998596273e-05,8.71675304129022e-06,-3.53001191721061e-05,-0.000196470819532053,4.56721935940211e-06,-6.43143830331084e-05,3.81854913243259e-06,0.000362045597775039,-9.89590730449166e-08,3.53438460189901e-07,3.22537276847545e-07,3.13141725802047e-07,-4.66933573922058e-07,3.39564658179724e-07,-9.2193174150087e-07,-1.2678890074034e-07,-7.98275281302139e-08,4.38901968806587e-07,-0.000179694202240743,-7.99211718215917e-05,2.05283591348264e-05,0.000354868026043503,-0.000104198937169258,0.000106325354517449,9.1971852726876e-05,-1.5434955810861e-05,4.6882570912139e-05,-2.58157762524548e-05,-1.0330521371542e-06,-0.00383512953631203,0.00174645247426246,-3.84986430516824e-05,-0.00351443300284681,-3.86747874587703e-05,-6.77958529695717e-05,-2.57721438825217e-05
"east_of_england","beta22",-1.81795793625885e-05,0.000765850249116043,-8.98610642912193e-05,-6.795019311891e-06,8.64644918669027e-06,-6.45433312719969e-06,9.94151786541358e-06,-6.29231066410153e-06,1.23655359783237e-05,-2.23219505549819e-05,9.29872864190424e-06,7.78835037266996e-07,-3.73468204880291e-06,1.56560278063995e-05,-1.63797381775705e-05,2.79980420103091e-05,1.78754223755066e-05,-3.0241924640403e-05,7.05505805396765e-05,-2.36511286100487e-05,7.48823800724365e-06,-3.35634708963573e-06,-7.27931329566571e-07,1.08239161112838e-05,2.70130292089072e-06,-1.16313768086364e-06,-1.49021633948449e-06,2.1684569744279e-06,1.56794874347361e-06,7.09174040512234e-06,-1.51078211406776e-06,-5.81101507427173e-06,1.77365805579663e-06,-7.58478769294011e-06,-2.72422934601807e-06,1.47816156057285e-05,-2.03738683816727e-05,7.84685478141584e-06,-1.39561202061487e-05,1.76060627922701e-05,0.00043749901301291,-0.000185256493978356,9.46507557029302e-06,-0.00012622920260227,0.000230691067447656,0.000284405979223877,-0.000320367292429341,-7.02446344221482e-05,0.000285189830894406,-0.000148158985835866,-4.15489405341539e-05,6.74617601914074e-05,0.000177565701480789,8.19963183199288e-05,7.89559828422594e-05,-1.67634025468787e-05,-0.000587748375085495,6.89794424639949e-07,-4.50832696068447e-07,-1.11065098122553e-07,-3.33554824854619e-07,-1.14313396728117e-06,-1.2146035915183e-07,1.26541053437038e-06,6.78787157855542e-07,1.69800677661815e-07,-8.32511188326009e-07,-3.22176035269657e-05,0.00042158119583939,5.92517725539449e-05,-0.00043546072627724,-4.59572218454394e-05,-0.000195587454950539,0.000328036524667169,0.000139899383350317,-8.12576406906377e-05,-9.862247178468e-06,2.71592884819503e-06,0.00377251310685218,-0.00992618160141913,0.00118009385853679,0.00519212942401165,5.50672529591536e-06,-0.000119037057664023,3.68730120766348e-06
"east_of_england","beta23",1.07657522868743e-05,-0.000337885876044881,-1.96397537904829e-06,-4.72749518251843e-06,-6.84082512480454e-06,-5.64364182902672e-06,2.78310744858878e-06,2.31730234240762e-06,-4.9679306913623e-06,1.06625240184328e-05,-5.32296287995337e-06,1.03866721388233e-06,1.04840825256606e-06,-2.12143439407274e-06,3.00007200255897e-06,2.48404210510607e-05,-9.77810735819705e-08,1.51361315102083e-05,-2.36511286100487e-05,2.78958704139736e-05,-9.41400028840024e-07,7.17248454131354e-06,4.18138338441988e-06,4.56488265692984e-06,3.12704696944869e-06,1.50699401029589e-05,-3.15000865633541e-06,-2.50364388416402e-08,1.17869098212541e-05,8.85652398501231e-07,1.95615789712321e-06,4.98629981200596e-06,5.96201402493431e-06,-9.28826465584459e-06,3.8960624775161e-06,-8.62755556757165e-06,7.91795552820702e-06,-9.60267059009007e-07,-3.20718585949444e-06,3.24496249688384e-06,-0.000299520054175489,-6.99060737012398e-05,1.01625927169225e-05,-0.000175364625551267,-0.000319372559025287,0.000142462725064468,0.000221674910248818,0.000183829902947681,-9.19116476981342e-05,-2.52617970149855e-07,-7.56703469796896e-06,1.80711508123272e-05,-1.50390231432474e-05,0.00013377207768881,-5.41792936755192e-05,5.93347866662608e-06,0.000284561304337668,3.25462432878377e-08,2.0132855393314e-07,1.94952819754288e-07,-2.77114943051634e-08,-1.59695825692039e-06,1.42160601094813e-07,-1.20753642482195e-06,8.80882199186747e-08,-6.8066100967163e-08,2.95888705962305e-08,-0.000289462879366643,-6.04601431417392e-05,5.94451789965327e-05,0.000556625401761071,-0.000202253586468432,1.76113028308018e-05,4.13021759700081e-05,-8.47776290217247e-06,6.23025008507794e-05,-6.62128556815926e-05,-1.48092433169232e-07,-0.00388032894123665,-0.00338089859821421,0.00130182964811313,7.98530495452121e-05,-6.27665770062524e-05,-0.000172324440584326,1.81095098762024e-05
"east_of_england","beta24",-2.85228759141622e-05,-3.2241574787808e-05,-2.62813575327072e-05,-7.45593140066515e-07,2.91280245044956e-06,-7.9105751145717e-07,9.01190104618251e-07,1.46832953656325e-06,4.09799975100899e-07,-8.34785303104928e-07,-8.05321849676306e-07,9.44226578092949e-07,4.8362011550811e-07,4.33849197559262e-07,-7.98043990527977e-07,-7.13882895959169e-06,4.55087425037552e-06,-8.51407662567319e-09,7.48823800724365e-06,-9.41400028840024e-07,5.17781003990833e-06,4.6913773675781e-07,1.98625354773295e-06,6.89319585530668e-06,8.02610072827172e-07,5.33971085076469e-06,-1.22956274592634e-06,3.55866010273744e-06,4.67161827033444e-06,2.0561236596186e-06,2.81863987334011e-06,-2.53493664094053e-06,5.15334618525979e-06,3.2122213927176e-07,1.05944453731674e-06,1.91460433123698e-08,-2.71891587842579e-07,-2.75243302768913e-06,7.66026889676893e-06,-3.65365098028499e-06,-4.93571330399999e-05,-0.000156198785921048,-1.78834319665739e-05,-9.63976113804067e-05,-8.71516104168156e-05,8.43508911843927e-05,3.33232496970388e-05,3.42047554129656e-05,5.72102225778224e-06,-4.92006972525065e-05,-1.29478875753375e-05,-9.57582274626102e-06,-8.30419696322933e-05,8.50316270905542e-05,-5.75595550810291e-05,-1.25513438097839e-06,-2.50363581318795e-05,1.2933141396616e-07,3.14495842389738e-08,5.94945107836044e-08,3.03279425201771e-07,3.22142990261021e-08,3.37591717819278e-07,-2.91433284153342e-08,2.53317948902078e-07,6.26936836201549e-08,2.82637049573318e-07,-0.000132708459794868,0.000166023008604802,3.57938071359156e-05,0.000157075873954955,-0.000126974580735995,2.69277230098155e-05,0.000201077953884296,1.87284756382496e-05,-2.69919512509536e-05,-2.82234822616821e-05,5.93512732396644e-07,-0.000774265504138944,-0.00166903392169003,-0.000218595298452732,0.000595781287793446,-1.70734678392456e-05,-0.000100138158338905,-3.10550506495189e-05
