"region","name","alpha_admission","alpha_D","alpha_death_hosp","alpha_H","beta1","beta10","beta11","beta12","beta13","beta14","beta15","beta16","beta17","beta18","beta19","beta2","beta20","beta21","beta22","beta23","beta24","beta25","beta26","beta27","beta28","beta29","beta3","beta30","beta31","beta32","beta33","beta34","beta35","beta36","beta4","beta5","beta6","beta7","beta8","beta9","mu_D","mu_D_2","mu_D_3","mu_D_4","mu_D_5","mu_gamma_H","mu_gamma_H_2","mu_gamma_H_3","mu_gamma_H_4","p_G_D","p_G_D_2","p_H","p_H_2","p_H_D","p_ICU","p_ICU_2","p_ICU_D","p_NC_15_24","p_NC_25_49","p_NC_50_64","p_NC_65_79","p_NC_80_plus","p_NC_weekend_15_24","p_NC_weekend_25_49","p_NC_weekend_50_64","p_NC_weekend_65_79","p_NC_weekend_80_plus","p_W_D","rel_p_D_alpha","rel_p_D_delta","rel_p_D_omicron","rel_p_H_alpha","rel_p_H_delta","rel_p_H_omicron","rel_p_ICU_alpha","rel_p_ICU_delta","rel_p_ICU_omicron","rho_pillar2_tests","seed_date_alpha","seed_date_delta","seed_date_omicron","start_date","ta_alpha","ta_delta","ta_omicron"
"east_of_england","alpha_admission",0.000332005879212996,0.000829701750081753,-0.000197168556292994,1.40596784433994e-05,-2.79326171111223e-05,-3.06026705857234e-05,6.88186825483192e-05,-3.20037355930264e-05,2.62975604195695e-05,-4.45324786283577e-05,3.40688888305896e-05,-6.29602361124464e-07,-1.92306474407972e-06,8.88445127072228e-06,1.1993459827009e-05,3.13114836366083e-05,3.798670821635e-06,1.14218410670128e-05,5.25231734287651e-06,2.1036685346214e-06,1.48918367375418e-05,-4.73681032626775e-06,-6.95682564209255e-08,2.4831153048693e-05,1.80725961812375e-07,1.20095187799361e-05,1.00010601933916e-05,-4.84460724153477e-06,2.10338448395352e-05,4.02227982296295e-06,-7.29223224122018e-06,-5.43184448488596e-06,2.81910824315908e-05,-2.49765273170937e-06,-2.94234009485923e-07,-2.68465377955704e-05,5.05229851684132e-05,-2.41984756694446e-05,2.2027598880606e-05,4.95643282209712e-06,-0.000204432313052377,0.000530563242652022,-0.000750773515506574,0.00109244290909181,0.00029835355817493,-0.000212036809234849,-0.000115788308513302,-0.000742431679576253,0.000202551893377472,0.000139413551695584,2.6034828310719e-05,-0.000342927742042893,-0.000891400504718559,-6.36337466618498e-06,-2.33177598171546e-05,8.92186725188726e-05,-0.000112316413116184,6.32361903917681e-07,-1.99127910120406e-06,2.23884869169148e-06,1.95019089111135e-06,1.8861681630497e-06,-9.81256082369157e-07,8.44010974859329e-07,9.3241916976775e-07,1.25337894332669e-06,-2.98585858367659e-06,-0.00106219085897622,-0.000231957119404708,-0.000941845633263696,0.000735646726168083,0.00235067230278856,-0.000463509832800398,0.000372286811483333,-0.000919884448077686,2.35437430797318e-05,0.00016705467372869,-2.93160605544183e-07,0.00605597717761655,0.00623738120976365,0.00478155143553225,-0.0100689096110176,4.26159217897544e-05,-0.000328635875781803,0.000146448407901255
"east_of_england","alpha_D",0.000829701750081753,0.0161286908790916,-0.00198674811897071,0.000285751881366797,-0.000399084973732755,-2.43373219470702e-05,0.000190701246911561,-4.64037518810562e-05,8.41707665046819e-05,-0.000169724813653364,0.000148258479418498,-1.42987876875621e-05,-1.72404589226547e-05,-7.73597268951337e-05,9.42625758730346e-05,0.000878522331067505,-6.2008662491436e-05,4.90360100769176e-05,-4.74709087229012e-05,-0.000341167301381466,7.81035174756438e-05,-0.000120473413770852,-1.73403997957774e-05,0.000134549489236279,-0.000323465014619028,0.000165539030423355,4.53328894364013e-05,-0.000180781397872041,9.53306033450364e-05,-0.000226540263954632,4.72067116903184e-05,-0.000312023883074792,0.000128338206159609,2.43150207309286e-05,-3.06845247302202e-05,-6.7063811067455e-05,0.000262841448722011,-0.000238102666608513,0.000334865353620548,-0.000231742087083438,0.0011472009966377,0.00432410966277674,-0.0050262542208158,0.00326735140340081,-0.00227380640155404,0.00331318926484194,-0.000788742987277102,-0.00196088559068764,0.00195489515228815,0.000315845039186431,-0.000558260160257124,-0.0014898535323739,-0.00402197316218591,0.00132389384243135,2.61999479768322e-05,0.000128814534575764,-0.00103807341916644,-1.68356994384347e-06,5.19333445545873e-06,7.57146478885229e-06,-1.7755321512101e-07,-9.03928693854248e-06,-1.54852884138466e-05,1.63212600863373e-05,1.46450689771126e-05,9.51379512026243e-06,-2.95450724573144e-05,-0.00268067144640416,0.00160702758653487,-0.00167100874591255,0.0111406184280677,0.00205772074886538,0.00310836252932126,0.00183869676662453,0.000788443464928493,-0.00707966551134832,0.00208677078186418,-2.08137453232638e-05,0.110114581650336,0.0421179895051787,0.0402508695771409,-0.0915258013532418,0.000848667384644176,0.00047799955730506,0.00170031965176944
"east_of_england","alpha_death_hosp",-0.000197168556292994,-0.00198674811897071,0.000395393505165837,-4.23358368258372e-05,5.53425842985883e-05,7.4977746842002e-06,-3.99908681393166e-05,1.51291031405833e-05,-2.18944561063664e-05,3.64946172605942e-05,-3.21638716550935e-05,1.94741411447322e-06,4.34505995117793e-07,1.01972360208685e-05,-1.85852694844716e-05,-0.000155752875395852,7.95043727461101e-06,-9.60055641303107e-06,3.31161887023415e-06,4.96708178802707e-05,-1.04733231326143e-05,1.24397632154246e-05,6.03668458013963e-06,-2.33500008709431e-05,3.66481390230104e-05,-1.97286059387483e-05,-3.12725189238282e-06,2.20575539535598e-05,-1.45058925768847e-05,2.63513008302452e-05,-2.86363547222816e-06,3.04364246322915e-05,-1.52217238335365e-05,-8.48048403676922e-06,2.18768912188129e-06,1.58222449834885e-05,-4.4066851414811e-05,3.88505923631518e-05,-5.95568236729937e-05,3.42148914609747e-05,0.000189142643698398,-0.000687774533120248,0.000881104960035083,-0.000765098397769647,3.44118689081672e-05,-0.000762093391084665,0.000468943912107398,0.000478336598479191,-0.000365886396775401,-3.24780673451072e-06,7.42656791508671e-05,0.000314539737395002,0.000581101905112594,-0.000215123030753778,0.000104030079820964,-8.10107680712357e-05,0.000406385685442699,8.88178979752501e-08,4.8379470328244e-07,-1.41158287841337e-06,4.23940829455632e-07,1.0556298495534e-06,2.10198947222283e-06,-2.36716083459571e-06,-1.94509424222218e-06,-1.86354265729297e-06,6.59817982687623e-06,0.000573314607929812,-4.9724704808924e-05,0.000581978745320273,-0.00128854041237603,-0.000896922815519501,-0.000299588379768063,-0.000248194719151025,0.00047293960758858,0.000924471040007419,-0.000275885632199997,3.70798152653772e-06,-0.0160612065487516,-0.00959228057455588,-0.00617363797964932,0.0130977811902102,-9.05157171369567e-05,-4.11538143605925e-05,-0.000210880351519916
"east_of_england","alpha_H",1.40596784433994e-05,0.000285751881366797,-4.23358368258372e-05,1.04110678819112e-05,-6.91590916348027e-06,3.58542302441201e-06,-3.83154530153235e-06,1.5675280612087e-06,1.6949989706558e-06,-3.36062094489166e-06,3.79679224632721e-06,2.90575097910288e-08,2.3558871357046e-07,-3.09322428893869e-06,4.41471610509515e-06,2.69080123162413e-05,-3.40161486662101e-06,2.40870972759074e-06,-3.52826632771852e-06,-8.84925046652751e-06,1.92683459697739e-08,-1.28545766239371e-06,-1.7636780017636e-06,2.59852780605308e-06,-5.81546063282966e-06,1.46031193937999e-06,-1.39431451398694e-07,-2.25551415600894e-06,-1.57596446951918e-07,-4.57734618408168e-06,-1.29318618145994e-06,-1.57559578205082e-06,-4.02844151825433e-06,9.62336406429467e-06,-5.55448441427606e-07,-7.6352674108503e-07,3.91723020089758e-06,-5.24119539920431e-06,1.03758320553825e-05,-8.79563364860249e-06,-4.74824291715767e-05,0.000107877235607186,-9.52246123339751e-05,7.90907441063955e-05,1.93977883769274e-06,0.000161314476549503,-8.72131224522881e-05,-7.50075984280646e-05,5.44461438855259e-05,-2.00610657338778e-05,-1.2778279326565e-05,-2.38717789125687e-05,1.43532916451924e-05,3.73378311072045e-05,-2.99956764259393e-05,9.94433895741131e-06,-0.000117027974769172,-4.33106459992665e-08,3.62006571755653e-08,1.30937709682842e-07,-2.68969368616506e-07,-2.80296529299933e-07,-2.50806116203208e-07,4.13619784415355e-07,2.96890452853922e-07,2.7623813848088e-07,-1.19824805386878e-06,2.87391141228619e-05,-9.00442038440535e-05,-6.73685549071144e-05,0.000188250063952879,-3.0741614719407e-05,7.49553676265405e-05,7.76196324226064e-06,-4.03612059675835e-05,-0.000198412654026365,4.32970944140182e-05,-7.94556063032903e-07,0.00113704074370359,0.00236171849150121,0.00116794083879258,-0.00117723631449385,-1.7543403309029e-06,5.7462540717313e-05,4.36741826309814e-05
"east_of_england","beta1",-2.79326171111223e-05,-0.000399084973732755,5.53425842985883e-05,-6.91590916348027e-06,1.87571152106635e-05,4.5025664961998e-08,-4.33175195498551e-06,2.23628939889528e-06,-8.83040039860853e-07,7.28738846409268e-07,-1.97856716751316e-06,8.44687009054056e-07,1.35432396021397e-06,1.43949330963565e-06,-1.85865791077058e-06,-2.94603837563672e-05,3.86484296124247e-06,-4.32767195079092e-08,2.00962929832559e-06,1.2588035800781e-05,-2.07918015811295e-06,5.42512981803071e-06,1.00725132402076e-06,-2.37036071060812e-06,1.31193800615507e-05,-3.79013162185483e-06,-1.31268786938984e-06,6.16690701137653e-06,2.05913315524319e-07,1.12115859676111e-05,-3.89791459759805e-06,2.0470075245906e-05,-9.81149488110013e-06,1.15871069765871e-05,1.47905956449439e-06,-9.25259879730683e-07,-1.51520197116088e-06,3.52633495988423e-06,-7.12046017758613e-06,6.03182612052913e-06,-2.03553221094875e-05,-4.12425234100403e-05,5.2459077517464e-05,-9.52219201837614e-05,0.000146005929082806,0.000125561605236165,-0.000107464415626228,4.22996747973087e-05,-6.21744798047586e-05,-2.89143271114467e-05,9.04035217647616e-06,1.3993718130129e-05,0.000183492375075422,-7.59875001485913e-05,-1.87296190707981e-05,1.96582317889336e-05,9.56941058731509e-05,6.85731257844286e-08,-5.40096234994743e-07,-1.49211499210735e-07,5.70432139205574e-08,9.61956927247737e-07,3.44582472779497e-07,-3.21180216803582e-07,-3.61769889804327e-07,-5.81388119510802e-08,4.93601584326053e-07,0.000159546376435137,3.7103325107991e-05,-1.411080751257e-06,-0.000451559847254509,7.55131085807703e-05,-0.00011668128127763,-0.000108337959262973,-0.000211008660910096,0.000170084518173739,-5.27986798443064e-05,3.25151651203822e-07,-0.00333266119520037,0.00145899763876652,-0.000439589846784057,0.00440702085214452,-3.15826213714543e-05,-4.37052749100816e-05,-8.17027285648618e-05
"east_of_england","beta10",-3.06026705857234e-05,-2.43373219470702e-05,7.4977746842002e-06,3.58542302441201e-06,4.5025664961998e-08,1.34497347781962e-05,-2.32359767546243e-05,7.67899324880397e-06,-3.5621438582713e-06,6.15369668795052e-06,-2.84471127894858e-06,7.68252875640171e-07,1.20254637177103e-06,-4.12678129519125e-06,4.32234473257416e-06,1.81772665061839e-05,-5.48953191378754e-06,2.38840214087486e-06,-4.63251180911307e-06,-5.25021164827024e-06,-3.6496970234896e-06,2.02879206083152e-06,-2.72909604446137e-06,-1.21394661053158e-06,-2.25734104519506e-06,-2.50100207379899e-06,-1.76370140856045e-06,2.94331884382974e-06,-5.8450826737582e-06,-2.51010103251012e-06,-2.2410801068486e-06,3.73490502140384e-06,-1.14373524935065e-05,1.28740495206523e-05,-4.08415641007521e-07,4.39017366610592e-06,-7.91821900454921e-06,9.27073379199136e-07,6.7508969628046e-06,-1.17194684066568e-05,-0.000106374259963524,1.52884161853207e-06,0.000105980095480802,-6.65254964587036e-05,2.80873661571275e-06,0.000130108304355574,-8.40513916649197e-05,-1.60919907725719e-05,1.70614809857334e-06,-5.64583017951035e-05,1.44144672981992e-06,3.26146618259374e-05,0.00015429262033513,3.3600514793131e-05,-3.39940026780655e-05,-1.69741956791909e-06,-0.000202786877090988,-6.17177246751322e-08,2.01727187749973e-07,-3.13780274112319e-07,-4.96996069548569e-07,-6.02124341881781e-07,1.74817999386196e-07,1.42172352011052e-07,4.31027776645904e-08,-3.20322913591337e-08,-6.936036036877e-07,0.00019717644222598,-0.000357347282499802,4.21344029236528e-05,3.5065606316385e-05,-0.000234365454577928,6.23669884565727e-05,-4.30616309021607e-05,3.71429727462715e-05,-0.000116475201213904,2.37398478273935e-06,-6.65229684550332e-07,-0.00377872898794966,0.00167700932256523,6.79464215664898e-05,0.00113745611039,-4.84014141617841e-05,0.000121285330082841,3.18205105053421e-05
"east_of_england","beta11",6.88186825483192e-05,0.000190701246911561,-3.99908681393166e-05,-3.83154530153235e-06,-4.33175195498551e-06,-2.32359767546243e-05,4.39948910317933e-05,-1.51917624186889e-05,8.12040096346907e-06,-1.35434838989622e-05,7.26203189693782e-06,-1.54442957495184e-06,-2.20267690844251e-06,6.61810287501531e-06,-6.32929190397342e-06,-2.36421288140611e-05,8.87896929973106e-06,-3.18740100850252e-06,7.91010342268439e-06,6.0136674826427e-06,7.19429794344373e-06,-4.2224394200774e-06,4.28571227246239e-06,4.70182489970388e-06,4.77078611444081e-07,7.04679694100383e-06,3.75100563213421e-06,-7.16448656077988e-06,1.21356857062493e-05,2.37385568449903e-06,4.57512506632354e-06,-8.91766178466336e-06,2.09363318571257e-05,-2.01970433698069e-05,2.72521592462674e-07,-8.66823962437175e-06,1.7339626973072e-05,-4.87441472374614e-06,-6.44328574692677e-06,1.64193199752635e-05,0.000180557304074213,5.23237748619403e-05,-0.000264072184721406,0.000160474138924027,-2.33857946431688e-05,-0.00018625888963591,0.000119683159903535,-2.69208878603958e-05,2.05488472417247e-05,0.00011245751656743,-8.63545045904611e-06,-7.67257888578023e-05,-0.000324205850485966,-3.91127512648784e-05,5.26927791185433e-05,5.29840612830577e-06,0.000360106843153009,1.1844785660738e-07,-4.32326972574226e-07,7.08449041990455e-07,8.69511390292013e-07,9.41909910335251e-07,-4.55100483128701e-07,-1.02680486475253e-07,1.12303342181057e-07,1.19485543205717e-07,7.31296532591753e-07,-0.000412780854212772,0.000669564023003056,-0.000103411901447838,3.45829894163212e-05,0.000492915244243909,-0.000108103301336317,0.000113474405041253,-6.01623329364379e-05,0.00013892957278419,1.77952675989451e-05,1.06756279662848e-06,0.00823706801225874,-0.0032915850274392,0.000246238519194772,-0.00315485585013768,9.52319004399376e-05,-0.000222014586131228,-4.54223773467482e-05
"east_of_england","beta12",-3.20037355930264e-05,-4.64037518810562e-05,1.51291031405833e-05,1.5675280612087e-06,2.23628939889528e-06,7.67899324880397e-06,-1.51917624186889e-05,6.39251125787444e-06,-3.35019026055168e-06,4.70219945249077e-06,-2.5772179439689e-06,4.94325311582303e-07,8.75563513817583e-07,-2.7813841735314e-06,1.87207937476888e-06,8.66544259499945e-06,-2.49679620890401e-06,6.89579007821709e-07,-2.73172590399166e-06,-1.91262581041093e-06,-2.58033262938409e-06,1.35061104408114e-06,-1.11863348518162e-06,-2.27594085567528e-06,2.81992636718437e-07,-2.62441002186605e-06,-1.60124871178598e-06,2.22015220970474e-06,-3.960938017146e-06,-5.39280952191373e-07,-1.61888817661648e-06,4.18854067064808e-06,-8.00812263612948e-06,7.62303307052432e-06,1.18012380107855e-07,2.88832339655198e-06,-5.20890342148285e-06,1.01754354695986e-06,2.16949477188815e-06,-5.32510209346635e-06,-3.51738997206534e-05,-1.51391388647011e-05,7.70700276413121e-05,-8.18928306682837e-05,8.03789747497255e-06,0.000124352684364687,-5.22580589862526e-05,3.6169325984922e-05,-9.68696224830261e-06,-4.43068565962152e-05,-1.99658287051443e-06,2.62084870745872e-05,0.00012126740378616,7.90802696717393e-06,-1.65385874139897e-05,-8.14111157234828e-08,-9.78013964734896e-05,-5.89021409435382e-08,1.82241708006664e-07,-2.92229248931297e-07,-3.32090902312763e-07,-1.79389829158911e-07,9.61538255962852e-08,9.13733295044176e-08,-3.09233647356105e-08,-2.61475209655873e-09,-2.25209151073304e-07,0.000203805004284035,-0.000161451003826887,4.96226165173977e-05,-4.19795934348204e-05,-0.000221771132719681,6.67449878274031e-05,-5.341981576041e-05,1.90875843772666e-05,-7.28358980414324e-05,-5.08203128167154e-06,-4.47713720704029e-07,-0.00243638229210776,0.00176214768502946,-9.47437133887257e-06,0.00130352189596802,-2.83126095688186e-05,7.81423626236079e-05,7.47857473847618e-06
"east_of_england","beta13",2.62975604195695e-05,8.41707665046819e-05,-2.18944561063664e-05,1.6949989706558e-06,-8.83040039860853e-07,-3.5621438582713e-06,8.12040096346907e-06,-3.35019026055168e-06,3.68730916282203e-06,-5.79884860300912e-06,3.87906488149463e-06,5.34915057004354e-08,9.14872878893389e-08,6.9529829372507e-07,9.28581744779004e-07,3.62992055185744e-06,1.29405886890376e-06,1.30034095278871e-06,9.22288364292057e-07,-6.77687457518205e-08,1.65173167678643e-06,2.13137099286786e-07,1.3323250916194e-07,3.02704290643047e-06,7.64074173046324e-07,2.13402188151149e-06,6.2394936898466e-07,-7.3744679140395e-07,3.366806805518e-06,1.6626667010457e-06,-9.53121686998613e-07,3.31513723187336e-06,3.24500053369161e-07,4.62842205815124e-06,2.28433928964816e-07,-3.47209196749813e-06,6.7077604410126e-06,-3.53820644615679e-06,3.48094016565508e-06,2.02195248700245e-07,-2.24131336009653e-05,7.72227266005313e-05,-0.000110847591665922,9.0745419862994e-05,4.65779704961237e-05,7.64445495766878e-05,-7.51888120231693e-05,-6.77869435833001e-05,2.23669908227911e-05,8.38890190439783e-06,-2.69078610245351e-06,-4.11526155065718e-05,-3.26024406774572e-05,-9.87831625263502e-06,-1.35930562218861e-05,1.58776473873631e-05,2.85911950541658e-05,4.5262256106282e-08,-3.47797659971973e-07,2.35563456412462e-07,1.30301034351082e-07,3.35814771267145e-07,-1.38978440625216e-07,1.26676389971501e-07,9.90169341566413e-08,1.91537534869523e-07,-4.85212303820701e-07,-7.71661378960319e-05,5.99796468002529e-05,-9.79429256007434e-05,1.75181893896955e-05,0.000235421428067262,-5.00809219599336e-05,8.22000726625503e-06,-0.000137544402080857,-1.64212389670303e-05,1.51212866041116e-05,-4.63891288052169e-08,0.00116966961457744,0.000768596767224237,0.000656333445024764,-0.000562565321835091,4.87661024340167e-06,-4.2091889357824e-05,-5.47138741860065e-06
"east_of_england","beta14",-4.45324786283577e-05,-0.000169724813653364,3.64946172605942e-05,-3.36062094489166e-06,7.28738846409268e-07,6.15369668795052e-06,-1.35434838989622e-05,4.70219945249077e-06,-5.79884860300912e-06,1.14611544605566e-05,-8.13394606708489e-06,3.93286393152296e-08,-3.83689606056524e-07,-7.24975712985793e-07,-1.98458315255981e-06,-4.45618918633311e-06,-2.29688159769527e-06,-2.32135868297679e-06,-2.10040841493727e-07,-2.26881173563515e-06,-2.28453795697673e-06,-2.54452543094583e-07,-1.63375020281158e-07,-4.2630615256814e-06,-2.99873496997414e-06,-1.8713558219786e-06,-9.90411677011001e-07,8.78582893370811e-07,-5.20534551619079e-06,-3.94764027404586e-06,3.19782941095186e-06,-8.25117476304183e-06,7.37543296996682e-07,-7.95644210343798e-06,-6.79903375512145e-07,6.52561944070312e-06,-1.32561320130424e-05,7.02432508771553e-06,-5.52884109698984e-06,-5.0734885482527e-07,1.74768269595865e-06,-0.000144190188582909,0.000213427925774613,-0.000154610287585108,-9.94304923126694e-05,-0.000212652161887195,0.000136385294150336,0.0001151268345185,-3.51743933351743e-05,-1.37674098418462e-06,6.4037843061415e-06,7.27323684180199e-05,6.54223402197493e-05,2.49074859178228e-05,1.92224896673008e-05,-3.19559067393701e-05,-5.38353388253209e-05,-1.14005794286001e-07,5.96695553298055e-07,-4.1639660077526e-07,-2.586251753799e-07,-8.99453290592962e-07,3.11090881457462e-07,-2.52948059347077e-07,-1.61145229384809e-07,-3.79795704550686e-07,7.95293388393919e-07,7.85542762288558e-05,-0.000125372559926735,0.000179570250761057,2.16559623860501e-05,-0.000408441646305528,7.04869272811386e-05,-3.40661136372399e-06,0.000280799495845439,3.20763754294329e-05,-3.071166409676e-05,2.09927425423055e-07,-0.00175164823457466,-0.00322383278484722,-0.00132016581182069,0.000827816257903885,-9.4484477923917e-06,6.40502991782324e-05,8.88804437658249e-06
"east_of_england","beta15",3.40688888305896e-05,0.000148258479418498,-3.21638716550935e-05,3.79679224632721e-06,-1.97856716751316e-06,-2.84471127894858e-06,7.26203189693782e-06,-2.5772179439689e-06,3.87906488149463e-06,-8.13394606708489e-06,6.61149519791091e-06,2.18481476083402e-09,4.74171236179746e-07,-5.47120721463998e-08,2.48102214426226e-06,6.95819755909806e-06,6.73055786522608e-07,2.29667061731647e-06,-9.75158736381738e-07,1.0558232390693e-06,1.2310071131243e-06,2.53099777214661e-07,-4.1500154545286e-07,3.18391062775945e-06,1.77551623492036e-06,7.75375580687659e-07,6.5772724808141e-07,-2.87524284135425e-07,2.92535500958686e-06,2.02504545275981e-06,-2.84468804506269e-06,5.74099001012684e-06,-1.48330347704632e-06,6.48623388015688e-06,3.65464830946938e-07,-4.25401961373099e-06,9.09485456397695e-06,-5.43742943788406e-06,5.40690471806517e-06,-1.51764510045822e-06,-1.42930375481215e-05,0.000107522589594189,-0.000153846625825947,0.000121482059604697,6.86342876765122e-05,0.00017737236844269,-0.00010476612115062,-9.83744175739703e-05,2.98705347962939e-05,-8.07609602555287e-06,-5.20122588528098e-06,-5.11971607020512e-05,-5.32695608752563e-05,-9.89961003193629e-06,-1.77976842238176e-05,2.31761777281425e-05,-7.76223916647793e-06,9.79849077866459e-08,-3.77017351158781e-07,2.95030900030056e-07,1.26490102400413e-07,5.95443972706707e-07,-2.28336089374491e-07,2.33961747945357e-07,1.47031128023149e-07,2.92233301413098e-07,-7.52010295902133e-07,-4.64376075998338e-05,4.43555754294777e-05,-0.000136997647627892,8.95860958666382e-06,0.000275287623537584,-3.08558001590611e-05,8.56116417269833e-06,-0.000206603636068556,-4.26158385718389e-05,2.92550465593607e-05,-3.28126525405095e-07,0.000718993917588078,0.00286520576718988,0.00106434463186438,-0.000864899226797702,-1.58162782958645e-06,-2.78922134122508e-05,8.38387572952915e-06
"east_of_england","beta16",-6.29602361124464e-07,-1.42987876875621e-05,1.94741411447322e-06,2.90575097910288e-08,8.44687009054056e-07,7.68252875640171e-07,-1.54442957495184e-06,4.94325311582303e-07,5.34915057004354e-08,3.93286393152296e-08,2.18481476083402e-09,2.3476878619815e-07,2.18853900098518e-07,-1.01522923442601e-07,4.89567790677313e-07,7.07952598570375e-07,-3.57908947626248e-08,5.31401667456742e-07,1.42294446925738e-09,1.5238091945978e-07,-7.13309947015857e-08,6.18009823095731e-07,-1.04508092690511e-07,2.64309299160656e-07,8.27970848835129e-07,-1.05764096621077e-07,-1.24357806778746e-07,7.97123149584151e-07,-5.1871495531545e-08,7.09556504028856e-07,-6.19415698210412e-07,2.07692874118653e-06,-1.53621348237808e-06,2.57743695418675e-06,9.74909200160958e-08,-1.84490652331551e-07,1.01461138126893e-07,-1.52562479083287e-07,6.72580010478023e-07,-5.85543661833808e-07,-1.9437788737174e-05,8.21053759986739e-06,1.29320296654226e-06,2.63806704027183e-06,1.55315058110802e-05,2.42645053090478e-05,-2.64246091922425e-05,-8.26246752325052e-06,-1.67153826297354e-06,-7.21320829179558e-06,8.9262301903677e-07,-4.10705014392567e-06,1.83826820894603e-05,-4.77219504940172e-06,-5.93726846606623e-06,3.58774125558469e-06,-1.72977749705178e-05,-1.11008946229835e-10,-6.12250982990392e-08,-2.52944415837131e-08,-1.33412805055894e-08,4.79660854084099e-08,2.29432991495647e-08,2.35001691839325e-08,-4.40617089707056e-09,2.51532350629328e-08,-9.5754808278293e-08,2.00134960034125e-05,-3.56966682996882e-05,-1.2475840524992e-05,-1.15893906482096e-05,2.96641919111856e-05,-8.38151799117991e-06,-1.10338122996819e-05,-3.58114831733091e-05,-1.0780116655517e-06,-5.13506508973359e-07,-6.14938026325838e-08,-0.000688815725270991,0.000384646512421201,0.000101183623963472,0.000251506983834788,-9.38986324494591e-06,2.31845265255112e-06,5.1013213920607e-07
"east_of_england","beta17",-1.92306474407972e-06,-1.72404589226547e-05,4.34505995117793e-07,2.3558871357046e-07,1.35432396021397e-06,1.20254637177103e-06,-2.20267690844251e-06,8.75563513817583e-07,9.14872878893389e-08,-3.83689606056524e-07,4.74171236179746e-07,2.18853900098518e-07,4.73977234297079e-07,-5.03948845447809e-07,7.770641034257e-07,1.71871027838621e-06,-2.06427960468138e-08,7.46905839049673e-07,-3.98480057605931e-07,7.63297375981527e-07,-4.06442163954079e-07,9.61058011868065e-07,-2.19075903916416e-07,1.74457738524248e-07,1.53094959671708e-06,-5.22930384437769e-07,-3.13259004735654e-07,1.1475747846265e-06,-1.73362058057297e-07,1.32591316380869e-06,-1.14030155836027e-06,3.80989225137783e-06,-2.68175767140723e-06,3.90018441612405e-06,2.06442513960979e-07,-2.85138852421864e-07,4.5512198305089e-07,-5.51462268973155e-07,1.17770034464806e-06,-1.08375291181167e-06,-1.99757639510705e-05,1.53263230594973e-05,-6.06367351947026e-06,-1.53917218249221e-06,2.62894188820337e-05,6.84349088805641e-05,-4.48834632760147e-05,-7.79423431654992e-06,-2.89897833336419e-06,-1.42844197871172e-05,-2.57143724243207e-07,-5.28157223631873e-06,2.86967059396482e-05,-8.71625427315952e-06,-9.52216706744285e-06,6.79359330845627e-06,-1.60856333393054e-05,1.54050786475518e-08,-8.96021850094505e-08,-3.27215164958144e-08,-3.9176970834443e-08,1.45142088528816e-07,2.14753259424734e-08,4.21985164275552e-08,-7.50361894399473e-09,5.75198209290762e-08,-1.7126312512618e-07,4.09116156063879e-05,-3.26584710833572e-05,-1.77132565911185e-05,-3.79843820318114e-05,2.65302077571481e-05,-3.73853849440132e-06,-1.84996518129301e-05,-5.98533638995399e-05,-7.84054650973749e-06,-2.1757604173386e-07,-1.56709211413807e-07,-0.000829073263799508,0.000958886068030892,0.000146883507320407,0.0004117851018258,-1.17961295288726e-05,5.67304069509711e-06,-3.46568884292946e-06
"east_of_england","beta18",8.88445127072228e-06,-7.73597268951337e-05,1.01972360208685e-05,-3.09322428893869e-06,1.43949330963565e-06,-4.12678129519125e-06,6.61810287501531e-06,-2.7813841735314e-06,6.9529829372507e-07,-7.24975712985793e-07,-5.47120721463998e-08,-1.01522923442601e-07,-5.03948845447809e-07,2.58927738405747e-06,-2.24883988874414e-06,-1.37761171395139e-05,2.07554380853347e-06,-1.01246746740065e-06,1.94217341740321e-06,3.83249316068783e-06,1.08910693320991e-06,-1.47315254900927e-07,9.73328872185162e-07,5.47280012018535e-09,2.05525742727763e-06,3.36937923168501e-07,7.17336253597927e-07,-1.7341983021943e-08,1.48826551604466e-06,1.73313843169882e-06,6.77083809552586e-07,-7.83948364005216e-07,4.01018316899657e-06,-5.50653193580115e-06,1.30422704436027e-07,-9.41110626077842e-07,8.08571034963496e-07,1.52504379565802e-06,-4.6084907722999e-06,5.02662251772535e-06,3.15085405275662e-05,-3.35269568362686e-05,-3.79327363037701e-06,7.09113563364722e-06,-7.33876049837185e-06,-0.000103984642953284,5.4275359751535e-05,3.31632846081816e-06,-1.45922343374952e-05,2.35255407204397e-05,3.95121765996075e-06,-6.92840688251722e-07,-4.45648417461651e-05,-1.5378865849746e-05,1.53314263458914e-05,-3.83292493100316e-06,6.0294200698665e-05,4.25931468525049e-08,-8.02929280608202e-08,1.01930666249938e-07,2.23255771103038e-07,1.55648390492795e-07,4.92708877048037e-08,-1.70904456895543e-07,-9.19255173137175e-08,-9.58576006996103e-08,4.72581203584958e-07,-9.32241316533056e-05,0.000119141440978255,3.76913247845604e-08,-4.72049032042955e-05,8.77916598231255e-05,-4.72221003196711e-05,1.51898338869175e-05,2.30692927241379e-06,9.88813370654079e-05,-1.10618297090425e-05,4.79578011100864e-07,0.000302544577615349,-0.00150913733987055,-0.000293656887272544,-0.000174307560709819,8.12040835756855e-06,-4.58299626112282e-05,-1.25660763791831e-05
"east_of_england","beta19",1.1993459827009e-05,9.42625758730346e-05,-1.85852694844716e-05,4.41471610509515e-06,-1.85865791077058e-06,4.32234473257416e-06,-6.32929190397342e-06,1.87207937476888e-06,9.28581744779004e-07,-1.98458315255981e-06,2.48102214426226e-06,4.89567790677313e-07,7.770641034257e-07,-2.24883988874414e-06,4.4422318143904e-06,1.68564054054404e-05,-2.61710062720902e-06,2.97533158498276e-06,-2.4149020945833e-06,-3.34284411977824e-06,-6.12000925542275e-07,9.80501504428061e-07,-1.56818161960168e-06,1.91987766891754e-06,-6.0988943774557e-07,-3.42718410370541e-07,-3.3604909466585e-07,1.29162031216161e-06,-8.87084479815387e-07,-5.99087089306671e-07,-2.59591869061558e-06,4.05912619434262e-06,-5.56648785484292e-06,1.01405916477355e-05,-2.47993242837446e-08,-8.408387498331e-07,2.01816325902866e-06,-3.15088940247787e-06,7.47341875721889e-06,-6.40513569169538e-06,-8.82349460184964e-05,7.72502622253236e-05,-3.29409792654459e-05,7.46431867779465e-05,5.85662555007974e-05,0.000125722957984648,-0.000107878249165043,-8.00208078274563e-05,2.68457130470574e-05,-3.01389476582634e-05,9.92009519773062e-07,-2.52064308326717e-05,2.35843043230525e-05,1.27044259168116e-05,-2.98144844186281e-05,1.49788394007534e-05,-0.000122897935303149,1.95391605208919e-09,-1.54251220474688e-07,5.16002377785756e-09,-1.46332538815118e-07,1.21419629944597e-08,-5.64029268563747e-08,2.5404142645373e-07,1.40240703974332e-07,1.97843621222082e-07,-8.89716091182137e-07,5.93355052701118e-05,-0.000242629892444521,-8.42242196689893e-05,6.92785910223152e-05,0.000112169539536942,1.73096929131869e-07,-7.0436737040974e-06,-0.000123967390248464,-9.50096799327741e-05,2.20052273457459e-05,-6.04754428936039e-07,-0.00147723771799172,0.00279961319700988,0.000783154330694789,-5.32723690598662e-05,-2.55693279407552e-05,3.96349861491808e-05,2.9123878138738e-05
"east_of_england","beta2",3.13114836366083e-05,0.000878522331067505,-0.000155752875395852,2.69080123162413e-05,-2.94603837563672e-05,1.81772665061839e-05,-2.36421288140611e-05,8.66544259499945e-06,3.62992055185744e-06,-4.45618918633311e-06,6.95819755909806e-06,7.07952598570375e-07,1.71871027838621e-06,-1.37761171395139e-05,1.68564054054404e-05,0.000152848927778725,-1.40628863100314e-05,7.51634699080586e-06,-1.16013546304711e-05,-4.03461792778558e-05,-1.43307284839964e-06,-4.71928327557847e-06,-7.00877654472689e-06,4.90607406445512e-06,-2.16646431790347e-05,1.77048432233047e-06,-5.80260848945256e-06,-5.98210896299088e-06,-6.07545305261479e-06,-1.74224624756573e-05,-3.0203786259233e-06,-8.5839923838999e-06,-1.38034713908602e-05,2.65179011037586e-05,3.17414202214128e-07,-1.6241737213485e-06,7.95095364919665e-06,-1.81032201691895e-05,4.12825066286972e-05,-3.34445345298649e-05,-0.000308733483432765,0.000375610997763742,-0.000167232731588101,0.000309142443801731,8.43345516265368e-05,0.000648716962226152,-0.000434885663221616,-0.000164868893850216,0.000223768276340845,-0.000123385224314155,-2.25958389713979e-05,-0.000119092408748029,0.000113342635617115,0.000154242985412241,-0.000122283381797733,4.92768842269359e-05,-0.000548260292166581,-3.26754289608538e-07,2.2947098249265e-07,-1.95916814584939e-07,-1.26576810596885e-06,-1.36240822232536e-06,-7.48927451228943e-07,1.53517540400304e-06,8.99317332959127e-07,1.17934416650905e-06,-4.44391216330152e-06,0.000354964347296825,-0.000924482824698353,-0.000287691614475463,0.000743417017618587,-4.48114444766322e-05,0.000268122022125169,-4.88157429763143e-05,-0.00018837703564698,-0.000791302183070377,0.000101872970570283,-3.46989700260226e-06,0.00142727588025907,0.0112791040456582,0.00358723271400582,-0.00356848865642522,-3.11698139146767e-05,0.000309909000004032,0.000140739283440737
"east_of_england","beta20",3.798670821635e-06,-6.2008662491436e-05,7.95043727461101e-06,-3.40161486662101e-06,3.86484296124247e-06,-5.48953191378754e-06,8.87896929973106e-06,-2.49679620890401e-06,1.29405886890376e-06,-2.29688159769527e-06,6.73055786522608e-07,-3.57908947626248e-08,-2.06427960468138e-08,2.07554380853347e-06,-2.61710062720902e-06,-1.40628863100314e-05,4.06352783592066e-06,-9.52174916771977e-07,3.4018576018931e-06,5.12842407927038e-06,1.49477741954534e-06,7.96396835447846e-07,1.76046257328385e-06,5.13760393427708e-07,4.320493014042e-06,1.03695459107462e-06,5.35436308913148e-07,5.11749537375002e-07,3.33251130417547e-06,4.24100119958879e-06,1.94620924933101e-07,4.26635955609278e-06,2.39886557063892e-06,-1.53144167431015e-06,5.11930727582931e-07,-2.20208536638646e-06,3.74801730049305e-06,-1.40552340723682e-07,-3.85465008947625e-06,5.8117445248552e-06,4.64120421490294e-05,-7.96938192977458e-07,-4.42936337504362e-05,-8.9310985164144e-06,2.2673626978757e-05,3.23571099773464e-06,-3.21347045851201e-06,2.95062883102362e-05,-2.18475861850849e-05,1.44036387500103e-05,-1.1379176752478e-06,-1.69890683917919e-05,-3.00216249360696e-05,-4.14939780531948e-05,9.81633329362913e-06,7.0542396935679e-06,0.000116542061261558,4.76995644611847e-08,-2.2713644771091e-07,6.98495817881385e-08,2.42729933590275e-07,5.34968058653218e-07,-9.33959545484212e-09,-9.18138518159618e-08,-8.2640580925939e-08,2.36191644720863e-08,3.88909599350226e-07,-4.20630850752096e-05,0.000200243383739061,-1.07819046392365e-05,-0.000114997315076679,0.000134121727459273,-4.44646689723724e-05,-1.08714666161018e-05,-7.76975759618216e-05,8.49902675435883e-05,-1.06902319227674e-05,3.29083989680554e-07,0.000674287260481785,-0.000578877142334786,-8.44579638896057e-05,0.000353235526635356,9.70444232235345e-06,-7.4029885490272e-05,-3.52649168722924e-05
"east_of_england","beta21",1.14218410670128e-05,4.90360100769176e-05,-9.60055641303107e-06,2.40870972759074e-06,-4.32767195079092e-08,2.38840214087486e-06,-3.18740100850252e-06,6.89579007821709e-07,1.30034095278871e-06,-2.32135868297679e-06,2.29667061731647e-06,5.31401667456742e-07,7.46905839049673e-07,-1.01246746740065e-06,2.97533158498276e-06,7.51634699080586e-06,-9.52174916771977e-07,2.81260317342407e-06,-1.23143098309079e-06,-2.81573683609204e-07,1.45517417814875e-08,1.5638342720836e-06,-7.43569382618887e-07,2.28095333658227e-06,1.32244128211461e-06,3.63709253208405e-07,1.14043744543502e-07,1.81391458098077e-06,5.51710007251857e-07,1.4238642125691e-06,-2.437098732525e-06,5.93668342581092e-06,-4.61291511426464e-06,9.66039750263996e-06,5.12698158668916e-08,-1.35214782533928e-06,2.7120367319434e-06,-2.45612966034276e-06,4.96654016788857e-06,-3.88134544271061e-06,-6.54056346196958e-05,6.51238587157806e-05,-4.06235368919265e-05,5.42071924755545e-05,5.15586642085643e-05,0.000101499769436321,-9.4399865127157e-05,-6.90608421927157e-05,9.51344361047945e-06,-2.01811477876423e-05,1.21050997655243e-06,-2.4921108546071e-05,2.02316751288895e-05,-7.04688341064141e-06,-2.27904980937353e-05,1.46333932566115e-05,-6.40530328392118e-05,3.63888395838877e-08,-2.24156264962845e-07,3.91838641053994e-08,-1.83807943425767e-08,2.03133588576134e-07,-1.22106375351649e-08,1.73715198421284e-07,8.99797312612345e-08,1.55980206223752e-07,-6.05293631382987e-07,2.84538882553393e-05,-0.000136496234191484,-7.58161619746343e-05,2.44248919800751e-05,0.000152929300621146,-2.56428751696181e-05,-1.03053410945331e-05,-0.000133180219969182,-4.39469458312473e-05,1.52203561126896e-05,-3.67773512207425e-07,-0.00151931893100531,0.001817438189918,0.000649304641553284,9.27631633060381e-05,-2.50121374172468e-05,4.51294037927667e-06,1.41194972398597e-05
"east_of_england","beta22",5.25231734287651e-06,-4.74709087229012e-05,3.31161887023415e-06,-3.52826632771852e-06,2.00962929832559e-06,-4.63251180911307e-06,7.91010342268439e-06,-2.73172590399166e-06,9.22288364292057e-07,-2.10040841493727e-07,-9.75158736381738e-07,1.42294446925738e-09,-3.98480057605931e-07,1.94217341740321e-06,-2.4149020945833e-06,-1.16013546304711e-05,3.4018576018931e-06,-1.23143098309079e-06,5.98114935875117e-06,1.03115570528757e-06,2.17498041683989e-06,4.69907983149518e-07,1.69887172404613e-06,1.48527143446658e-06,1.45499400515631e-06,2.78408162743229e-06,8.86901944386867e-07,8.66062036889234e-08,3.30104190206479e-06,1.80934686511187e-06,2.0139178518804e-06,-7.33432686390465e-07,4.63926255847346e-06,-3.11651778829525e-06,4.77428941608136e-08,-1.29440928049778e-06,1.68795370916531e-06,5.90623555846912e-07,-2.74710128433831e-06,4.81496083676101e-06,3.85517949663119e-06,-1.16653885843216e-05,-5.82861990024383e-06,2.55489235097718e-06,3.06784972897394e-06,-0.000117249094399703,2.35442899229673e-05,2.70662111232689e-05,-1.50427127003521e-05,2.74546094410218e-05,2.45763409132086e-06,-1.69046869962836e-05,-6.48997792776558e-05,-2.51778733059953e-05,1.04587119916992e-05,-7.05316071391717e-07,6.73188089776767e-05,-1.40826450660081e-08,-1.59768147257587e-07,-8.53033137812411e-09,2.13057179647938e-07,9.52324079281158e-08,1.24852688192944e-08,-8.52954044088073e-08,-4.12223809614808e-08,-4.83001272329085e-08,3.49835767372109e-07,-8.33719065482518e-05,9.17766480579442e-05,1.20458629726313e-05,-2.53380080942661e-05,0.000146440438369903,-4.55183644749834e-05,1.28283705949546e-05,-1.5543090107842e-05,8.28303360039775e-05,-6.70219029058007e-06,3.85261128679365e-07,0.000827408702102672,-0.00239451161652619,-0.000253557471200611,-1.94637086819792e-05,1.18029695880411e-05,-8.1444379917533e-05,-1.69792719555347e-05
"east_of_england","beta23",2.1036685346214e-06,-0.000341167301381466,4.96708178802707e-05,-8.84925046652751e-06,1.2588035800781e-05,-5.25021164827024e-06,6.0136674826427e-06,-1.91262581041093e-06,-6.77687457518205e-08,-2.26881173563515e-06,1.0558232390693e-06,1.5238091945978e-07,7.63297375981527e-07,3.83249316068783e-06,-3.34284411977824e-06,-4.03461792778558e-05,5.12842407927038e-06,-2.81573683609204e-07,1.03115570528757e-06,1.98041660923219e-05,-9.17277909240941e-07,3.83140608654417e-06,1.94375129073715e-06,-1.94404642030441e-06,1.42398230497484e-05,-4.3034644409233e-06,7.27379020909686e-07,5.62569586357092e-06,1.62661167124556e-06,1.1305787461934e-05,-3.64817042480308e-06,1.50348124557906e-05,-1.19762877321604e-06,-1.44079824759478e-06,1.0834895934996e-06,-1.91777573296812e-06,1.30501926999228e-06,3.76792720241929e-06,-1.18457283585828e-05,1.07050433054596e-05,7.73977745239733e-05,-6.81464418765191e-05,4.37695576089421e-06,-4.31873120615631e-05,9.06040617634408e-05,1.1579511845428e-05,2.54785339583876e-05,1.53185260577609e-05,-7.73920001003671e-05,3.18677188423038e-07,1.03015327558308e-05,8.56850140837396e-06,-9.57410097406266e-06,-9.11700490739759e-05,1.77283115474089e-05,1.16694396784654e-05,0.000159634130684385,2.34377131116849e-07,-4.08094480237987e-07,1.11214000431696e-07,4.68741190363077e-07,1.3098218664268e-06,2.91230577103415e-07,-3.96424102236146e-07,-3.56872489233919e-07,-1.13064744719416e-07,1.06184812623005e-06,-1.24937842788226e-05,0.000218751637825007,-2.52807010295376e-05,-0.000391017838301517,0.000194250985106335,-0.00011884802887722,-2.45122838106741e-05,-0.000181548691324953,0.000254195491423916,-3.85052315702887e-05,6.17418339523465e-07,-0.00258118252537378,0.000723180913994826,-0.000601925731863647,0.00207926428589186,-1.54030997233186e-05,-9.3431954064e-05,-6.1716860501012e-05
"east_of_england","beta24",1.48918367375418e-05,7.81035174756438e-05,-1.04733231326143e-05,1.92683459697739e-08,-2.07918015811295e-06,-3.6496970234896e-06,7.19429794344373e-06,-2.58033262938409e-06,1.65173167678643e-06,-2.28453795697673e-06,1.2310071131243e-06,-7.13309947015857e-08,-4.06442163954079e-07,1.08910693320991e-06,-6.12000925542275e-07,-1.43307284839964e-06,1.49477741954534e-06,1.45517417814875e-08,2.17498041683989e-06,-9.17277909240941e-07,2.16095832356651e-06,-8.13162715401276e-07,9.10900390349328e-07,2.00116961623407e-06,-1.00850731309913e-06,2.63746597069608e-06,9.45312236231977e-07,-1.22207183432257e-06,2.78704379677759e-06,-2.26670233518716e-07,1.0781238505001e-06,-2.357828817188e-06,3.84201026039941e-06,-1.73390957711098e-06,-9.40204471408124e-08,-1.82858061054321e-06,3.8090252709705e-06,-1.5321110527695e-06,4.38426551602349e-07,1.69387972848135e-06,1.22715184507036e-05,2.64528796342508e-05,-5.18296724802579e-05,3.91527051541576e-05,-1.64246437202039e-05,-5.17080449966707e-05,1.17803576895701e-05,-1.57356340489572e-05,6.54286355798597e-06,2.11354217853653e-05,-1.58821215003169e-06,-2.30533931873194e-05,-7.00823941784824e-05,-4.50001730152526e-06,8.20342666068575e-06,8.74196775272696e-07,4.0044754823525e-05,3.60448961166962e-09,-6.80050291943764e-08,1.0818136394542e-07,1.79092992656846e-07,7.26948513667119e-08,-1.13613900683538e-07,5.33337559712227e-08,7.38236736152149e-08,4.19871053817177e-08,2.13536524832046e-08,-8.81669478740765e-05,8.40215395516732e-05,-2.50576025887389e-05,7.43351640984517e-05,0.000133651055307253,-1.90155114134754e-05,2.4391486474786e-05,-1.35971408445835e-05,5.98752801021584e-06,1.21685061696221e-05,1.73088919620074e-07,0.00111623673731801,-0.000938540617511792,0.000232836072324142,-0.000866356116886814,1.08191910284157e-05,-4.52191239455885e-05,4.47965518372222e-06
