"region","name","alpha_admission","alpha_D","alpha_death_hosp","alpha_H","beta1","beta10","beta11","beta12","beta13","beta14","beta15","beta16","beta17","beta18","beta19","beta2","beta20","beta21","beta22","beta23","beta24","beta25","beta26","beta27","beta28","beta29","beta3","beta30","beta31","beta32","beta33","beta34","beta35","beta36","beta4","beta5","beta6","beta7","beta8","beta9","mu_D","mu_D_2","mu_D_3","mu_D_4","mu_D_5","mu_gamma_H","mu_gamma_H_2","mu_gamma_H_3","mu_gamma_H_4","p_G_D","p_G_D_2","p_H","p_H_2","p_H_D","p_ICU","p_ICU_2","p_ICU_D","p_NC_15_24","p_NC_25_49","p_NC_50_64","p_NC_65_79","p_NC_80_plus","p_NC_weekend_15_24","p_NC_weekend_25_49","p_NC_weekend_50_64","p_NC_weekend_65_79","p_NC_weekend_80_plus","p_W_D","rel_p_D_alpha","rel_p_D_delta","rel_p_D_omicron","rel_p_H_alpha","rel_p_H_delta","rel_p_H_omicron","rel_p_ICU_alpha","rel_p_ICU_delta","rel_p_ICU_omicron","rho_pillar2_tests","seed_date_alpha","seed_date_delta","seed_date_omicron","start_date","ta_alpha","ta_delta","ta_omicron"
"east_of_england","alpha_admission",0.000380531908468695,-0.000700721437292769,0.000135732640179345,-5.82257112425278e-05,-2.08559068756287e-05,2.81280480801108e-05,-1.5953888555768e-05,2.78272084666346e-06,-2.55282674708904e-06,2.41276122509507e-05,5.08584038863685e-06,1.60013430892155e-06,5.16264682619542e-06,6.46309618966878e-07,2.15054598886594e-05,0.000186466716352511,-1.52258099944276e-06,6.07261993338127e-06,1.80995585934441e-05,-6.58227406265623e-06,5.03604488986638e-06,8.58174194422643e-06,4.92128183783775e-06,6.6674177884363e-06,6.30516794204777e-06,-1.97514469398952e-07,-1.49914959739443e-05,1.64064022834901e-05,8.30628458776055e-06,1.50666446696222e-05,3.65652523959479e-07,4.34637095467396e-06,8.66036751699469e-06,1.45967849325824e-05,1.01372912115131e-05,-2.09815736746784e-05,1.84711461596922e-05,-3.00764020379265e-05,6.76300766089517e-05,-7.5252427578193e-05,-0.000175739752742932,0.000289357454510262,-0.000571440533944076,-4.46002166124415e-05,-5.66712625082349e-05,0.00121474637306369,-0.000265533051791905,0.000177748587859517,8.4034811752556e-05,0.000205271188811553,-9.89528878395953e-05,5.82138143191608e-05,7.9245665564499e-05,-5.95930533904872e-05,0.000335364131626205,0.000101278964699588,0.000429575122971615,-8.18545468065548e-07,-6.73498568661728e-07,9.9283364612054e-07,-3.74791845412507e-07,-3.45950826689359e-06,-4.55866387162744e-07,2.09299789209737e-06,-1.87283206744282e-06,1.02327137086881e-07,8.52834424987946e-07,-0.00110047224357998,0.000436294319658314,-0.000422203287489068,0.00022166935813836,-0.00046955090744496,-0.000261704208544811,0.000550313458854783,0.000182607913189557,-0.00061843686018506,-0.000488275948522446,-3.29428766940515e-06,-0.00357864522994752,0.0102833973744568,-0.000476781018342552,0.00363791737095753,-0.000337412317630211,-3.77780499101119e-05,-2.73904956337161e-05
"east_of_england","alpha_D",-0.000700721437292769,0.0142079250539121,-0.00133644222905474,0.000365369645645696,-5.60163717830645e-05,-5.52507221016661e-05,-8.14167898028731e-05,3.3770172667464e-05,-6.34246560513442e-05,0.000105435678658678,-0.000188013410904236,8.73435928805049e-06,-1.6742340448067e-05,-2.63523002252216e-05,1.88663918738141e-05,-0.000153238322979405,-9.18438260363113e-05,2.35782212027517e-05,-0.000293618410533698,0.000241135938223503,-4.33058940883191e-05,-2.56683373249812e-05,-2.32146201420144e-06,-9.51905377605567e-05,9.8634783358272e-05,-8.86196708913939e-05,-5.31566394112853e-05,-5.24058727750624e-05,6.07175774158401e-06,-0.000146678801134248,0.000104703144190591,-0.000293205581761409,0.00035617031405297,-0.000878718274642469,1.76951243156028e-05,0.000107845216552616,-6.23984024111206e-05,2.81024265068751e-05,-0.000113802321564975,0.000201210955940489,0.0021053072313857,0.00106150654672207,0.00490113121356071,0.00142168729225841,-0.00126108249975206,0.00567337754351684,-0.00361225564587518,0.00280871200692444,0.00118927296723135,-0.00279756347851414,0.000670108235571463,-0.00219514010580823,0.00540464482719445,-0.0014301876192673,0.0013703283343517,-9.93335003343443e-05,-0.00345762048257699,7.49977979427108e-09,4.02391897949054e-06,9.34353542102246e-06,5.32675865883765e-06,1.47128318754581e-05,1.16114375099673e-06,-1.02847861760318e-05,5.6303403126107e-06,3.75073246841502e-06,-2.40408193484999e-06,0.00381351958530278,-0.00701965754468168,0.0020802492545387,1.38016016515149e-05,0.00654740993778595,0.000864123558563852,-0.00794862339762911,7.31454814144038e-05,0.000682531758224563,0.00117251342605151,1.07940801534387e-05,-0.0493033598288714,-0.109459702599248,0.0237935256592262,-0.0533250707778076,0.000930621120050273,0.000399325512908586,0.000663889692034495
"east_of_england","alpha_death_hosp",0.000135732640179345,-0.00133644222905474,0.000689228920438452,-0.000140744537176999,-7.02399263972213e-05,-2.20520101427837e-06,8.55762101246085e-05,-4.91362171903786e-05,2.37761854969179e-05,3.256547130217e-05,-5.819786583374e-06,1.42326926065117e-05,5.70297921841854e-06,4.14015678480145e-05,-1.48110202794626e-05,0.000144429235646532,2.2546893133199e-05,4.7475689752089e-06,3.12393552290896e-05,4.32235990095162e-05,-1.23280683549728e-05,3.11565655612518e-05,5.73325292469118e-06,2.83176401250442e-05,-2.55295962436095e-05,3.07443206389976e-05,2.10689966592521e-05,3.28279848083932e-05,6.37906226162449e-06,3.11519865312938e-05,-5.95207928694892e-06,5.79553565330921e-05,-4.34856444114514e-05,7.40334247110465e-05,-1.80157890944758e-05,7.49862453019463e-06,-2.64109479360266e-05,1.37940122467865e-05,2.34360854096493e-05,-3.88360779435252e-05,0.000383934957707655,-0.000402058841962666,-0.00116758064201208,-7.65898556483703e-05,-0.000640506380717108,-0.000554738854328249,0.000372902303255253,-0.000514588930027205,-0.000313012873774846,0.00084818132633346,-0.000174052482592256,0.000173490827027974,-0.000916303987043673,0.000378987303225395,0.00032371146699259,2.42958276913311e-05,0.00091267688676544,4.20065244426293e-07,-1.58339396522736e-07,6.73505347004399e-07,-2.37667038158075e-06,-1.33650986277349e-05,-3.59234502392618e-07,6.87792386151669e-07,-2.13056337274171e-06,-7.3852837233468e-07,3.4487778014903e-07,-0.00214720627385875,0.00248300607464349,-0.00102005174780436,0.000850563759428786,-0.000968576980242026,9.17363289078021e-05,0.000716493626947578,0.000671716413792736,-0.000800890123702448,-0.000609655550913419,-4.29278738081841e-06,-0.00839580702261965,-0.0232715619650366,-0.00465878114582708,-0.00748782106304881,-0.000719197885539628,-8.82614421521442e-06,-2.7345358417308e-05
"east_of_england","alpha_H",-5.82257112425278e-05,0.000365369645645696,-0.000140744537176999,6.29842827291498e-05,4.86935983015477e-05,-4.86767117721065e-06,-2.91585428619136e-05,1.75189618442011e-05,-5.12654168125158e-06,-2.04455893523785e-05,7.91982456635901e-06,-6.46984511687617e-06,-5.86158666860699e-07,-1.5255938255461e-05,3.49655028679908e-06,-8.70417802141735e-05,-6.07107227681644e-06,-4.2104259515432e-06,-9.83463138969329e-06,-1.45809402315028e-05,2.80126634646918e-06,-1.05466312383464e-05,-3.32601369107473e-06,-8.85854228265013e-06,5.64075684564775e-06,-9.69626611998406e-06,-5.40324364375776e-06,-1.34465959911151e-05,-2.9771672914365e-06,-1.06397590630335e-05,-7.89330897812905e-07,-1.43800970734884e-05,7.98530139315734e-06,-1.10898323994552e-05,5.02037756014286e-06,-2.16863273302795e-06,1.1346363661077e-05,-7.23866850909916e-06,-2.35386595917687e-06,1.28015998240673e-05,-0.000474593520705473,6.13682317721681e-05,0.00032485425537164,6.06771870709214e-05,0.000289854867140758,0.00015272647651566,-3.90994930719601e-05,6.52473730710693e-05,2.27692535646455e-05,-0.000250807790593611,4.5248590887899e-05,6.60260828388746e-06,3.01284495826587e-05,1.58401061405153e-06,-0.000195847133877317,-4.32259115644632e-05,-0.000238743660705605,-2.61374793497698e-07,4.1730037295632e-07,-6.56243050760586e-07,8.91116784941979e-07,4.67383852571354e-06,5.50040006933905e-07,1.5435029881607e-08,7.02450686676683e-07,1.80308626125198e-07,-4.96381921425992e-07,0.00055809234961719,-0.000663853635762244,0.000353758483383969,-0.000418854917589396,0.000154383351414059,9.55624453399162e-05,-6.11465127541622e-05,-0.000121237449301246,0.000419116394142736,0.000280894353062873,1.50558721493597e-06,0.00176690009778323,0.00833942222667321,0.000582226615481239,0.00890079328719784,0.00025337881743026,1.02974147941316e-05,-7.90713471854862e-07
"east_of_england","beta1",-2.08559068756287e-05,-5.60163717830645e-05,-7.02399263972213e-05,4.86935983015477e-05,8.59972411282673e-05,-7.51460167986876e-06,-2.97765768761953e-05,1.67463206230713e-05,-4.04015787286667e-06,-2.52258757204323e-05,1.42227528054717e-05,-6.97311305372884e-06,1.01470062708921e-06,-2.00373826027658e-05,6.83057256231462e-06,-0.000109533073182372,-2.20423860814612e-06,-8.16021369413494e-06,5.18863390503562e-06,-2.42501706465492e-05,3.06285885669708e-06,-8.40938272663543e-06,-3.57489973112378e-06,-2.88216271168541e-06,-1.78534308606627e-06,-1.90037847061482e-06,-6.53290454368733e-06,-1.36914843955876e-05,4.82554026700172e-07,-9.56991219990268e-06,-9.0441186149314e-07,-1.31014113319649e-05,5.06519843928234e-06,-2.21624270219032e-06,7.38542322663566e-06,-8.21572754589532e-06,1.17982553511414e-05,-4.57319268349509e-06,-1.45751604718018e-06,1.39251721211186e-05,-0.000823976242048951,6.59296651097861e-05,6.61761709244983e-05,1.28024692509313e-05,0.000258216788021521,8.09020980664838e-05,0.000202550756047371,-3.67556938907296e-05,8.18156677151495e-05,-0.000188998597524725,3.64897587011853e-05,3.59166773467021e-05,-4.1899415724108e-05,0.00018006375463464,-0.00019388960110351,-7.76408518135377e-05,-0.000119148925995205,-2.70906900712323e-07,8.77637383912291e-07,9.80895749246662e-08,1.47366580484792e-06,5.1666230059986e-06,9.71046408447348e-07,8.12998574082603e-07,1.79667646660182e-07,1.95765165434844e-07,3.31101164468369e-07,0.000297386592604477,-0.000533156995310943,0.000228140427589603,-0.00027368863889581,-5.85041291391161e-06,-2.62447313189246e-05,0.000189462404576507,0.000215929816975577,0.000330306130529989,0.000167390688206342,6.36278395033253e-07,-0.000772551724003525,0.0159847016725399,-0.000109984200856207,0.0201823918167442,0.000228526785309621,1.03799027457826e-05,-5.16529799535571e-05
"east_of_england","beta10",2.81280480801108e-05,-5.52507221016661e-05,-2.20520101427837e-06,-4.86767117721065e-06,-7.51460167986876e-06,1.18639684886729e-05,-8.79003386707296e-06,1.66151687088551e-06,-8.24296392305123e-07,5.79986211190759e-06,-4.00963847998677e-08,2.94650579699688e-07,2.32281221546156e-07,1.0138323560361e-06,1.18090012626008e-06,1.72365796106364e-05,1.90315852838823e-07,1.71489682779836e-06,2.04417024224159e-06,-1.20449718967017e-06,1.12112732076286e-06,1.14399349491721e-06,6.32692195417194e-07,2.07715476375467e-06,1.7548229004427e-06,-2.71623295554229e-07,-9.53651055648558e-07,3.65215596087152e-06,1.34665540148687e-06,1.96636112744714e-06,2.10749213791106e-08,2.71158373631495e-06,-1.41641390218231e-06,8.45836930602311e-06,6.79789118916301e-07,-2.45102783816036e-08,-7.02602974600123e-09,-4.31879012580676e-06,1.00917601543779e-05,-1.41707559641717e-05,-8.03012596372882e-05,3.49861614538052e-05,-3.87920574549867e-06,9.41509686220799e-05,7.16531759265163e-06,-3.13106295887486e-05,-0.000106387782854476,5.75285816842995e-05,-2.16825382421643e-05,-8.74923759101054e-06,1.38225336513027e-05,-3.33697087376103e-05,8.22614033920296e-06,-3.37620637627942e-05,2.75039499945294e-05,3.98131243943438e-05,3.11355022417427e-05,-3.29495947272099e-08,-2.63102995149605e-08,-9.6538719494039e-08,-9.88397708162359e-08,1.06683045126885e-07,-1.625919952603e-07,1.8917681025612e-08,-9.05028778542199e-08,5.43842235546126e-08,4.21348904461446e-07,0.000123993209558643,-0.000221362517610446,-0.000135127065810606,0.000218867724830518,0.000165273266564681,-0.000104687957301567,4.6388462632488e-05,-0.000247017666091635,8.21189917149481e-05,-4.33704283208772e-05,3.88216401130974e-07,0.00120538087452189,-7.34773593604469e-05,0.000280265319251729,-0.0016193124004142,-2.28574626641412e-05,-1.74533503762932e-05,-9.01260197390041e-06
"east_of_england","beta11",-1.5953888555768e-05,-8.14167898028731e-05,8.55762101246085e-05,-2.91585428619136e-05,-2.97765768761953e-05,-8.79003386707296e-06,3.74785323883555e-05,-1.85576031586218e-05,8.70001107563839e-06,3.52947884495398e-07,-3.11513537326448e-06,3.71570367903937e-06,1.95114637187242e-07,6.26385279030309e-06,-3.568189333954e-06,3.17926255248755e-05,3.69241540601688e-06,3.6527033514956e-06,-1.73676918238698e-06,1.44214721115116e-05,-1.75063891794654e-06,6.67161412876897e-06,-7.26288534713285e-07,7.51782446987394e-06,-4.98451432476697e-06,4.65051923368416e-06,5.90851269427912e-06,5.71664271128033e-06,1.69810719348397e-08,5.35104096701909e-06,6.35089628760894e-07,8.30906402236158e-06,-4.3585031752192e-06,-3.50372450515272e-06,-4.95492405050844e-06,2.09998593159727e-06,-2.91138028395656e-06,4.51849048507331e-07,3.18097424665308e-06,7.01280433717442e-07,0.000296281869080801,-6.92120012556602e-05,-0.000163167847005067,-0.00010412633574776,-0.000117553705661305,-0.000174314765368164,-4.01163463651385e-05,-0.000132004947812011,-3.22312070722537e-05,0.000108996884967484,-2.87302781060776e-05,1.93981674650355e-05,3.4449707472777e-05,1.65763491923576e-05,5.5522194490593e-05,-2.3470297927733e-06,-9.57644629154986e-05,9.41636066340287e-08,-5.96195505964481e-07,-3.46278482803705e-07,-8.08815906277251e-07,-2.8897090725305e-06,-1.96144524510749e-07,1.0135418034423e-07,-1.97890866379587e-07,-3.87491368475878e-07,-5.58820274467665e-08,-0.00049411412407629,0.000435050024532007,2.44326101546728e-05,5.62064518880168e-05,3.50685844625027e-05,-4.93876040719953e-06,-0.000131608665187519,6.41164010537388e-05,7.45765836844785e-05,-0.000138869333457527,-1.86959658030271e-07,0.00157755894004058,-0.00680105297997451,-0.000517518061897312,-0.00662099989317431,-0.000107508727737723,-5.72856297181982e-05,3.49143240565656e-05
"east_of_england","beta12",2.78272084666346e-06,3.3770172667464e-05,-4.91362171903786e-05,1.75189618442011e-05,1.67463206230713e-05,1.66151687088551e-06,-1.85576031586218e-05,1.08489170130543e-05,-4.98195880443531e-06,-1.69970921487632e-06,1.64672463574029e-06,-2.30112659658253e-06,-4.32964613244834e-07,-3.07813717490655e-06,1.17279169878442e-06,-2.28499028664667e-05,-2.36376941277455e-06,-2.59126455236455e-06,1.32625083603957e-08,-8.2265853721132e-06,6.21006636692925e-07,-4.71850362867814e-06,2.77714402531596e-07,-5.70119954649159e-06,2.62889639784343e-06,-3.31076114851937e-06,-2.80229697583895e-06,-4.52530928226619e-06,-1.15150504910358e-06,-3.0971389804826e-06,-1.29515606311711e-06,-4.07423892156634e-06,7.11137339419223e-07,4.55951488600449e-06,2.37775441102547e-06,-1.2120944030285e-06,1.67614901018425e-06,1.18837731442429e-06,-5.18694836317811e-06,2.87515321321213e-06,-0.00010419443002979,2.81980937462879e-05,9.0287732148892e-05,2.69206410735302e-05,6.72927806670336e-05,9.94964032287417e-05,6.44640878882059e-05,3.84754771038218e-05,1.40290502611143e-05,-4.74649490905206e-05,6.67436983284465e-06,1.49472350843217e-05,-4.08688277278639e-05,-6.54224138122854e-06,-4.97758804372805e-05,-7.78819386488181e-06,3.41808980140997e-05,-5.56019112580659e-08,2.81358532661813e-07,1.11385272159047e-07,4.11655107583546e-07,1.41860498530294e-06,1.3000761299732e-07,-8.5358290322792e-08,1.38767161189034e-07,2.03067216659813e-07,-2.50733348876629e-07,0.000228381427704941,-0.000137787578594454,3.22673482065116e-05,-0.000113757480227656,-0.000103315778199108,4.15140165941015e-05,8.26937551351873e-05,5.42545380949942e-06,-8.02848417348752e-05,0.000106098309423452,-9.28219470515925e-08,-0.000349775769844367,0.00379741338385356,0.000106894125828779,0.00362176575958581,6.98108325825471e-05,4.12976929854653e-05,-1.57569647650064e-05
"east_of_england","beta13",-2.55282674708904e-06,-6.34246560513442e-05,2.37761854969179e-05,-5.12654168125158e-06,-4.04015787286667e-06,-8.24296392305123e-07,8.70001107563839e-06,-4.98195880443531e-06,3.88952382634603e-06,-3.00826402374645e-06,2.37943993793134e-06,4.8997901063774e-07,6.55084222621428e-07,-1.80470151642604e-07,-2.38286915164615e-08,4.65747338783881e-06,1.76602157914807e-06,1.0854205495773e-06,2.50416409444566e-06,7.14683824142645e-07,9.09514169836801e-07,2.21773553393167e-06,-5.20196939541031e-07,3.97715740362424e-06,-1.35406065131951e-07,9.26518980500523e-07,1.37098746582711e-06,2.37910450599777e-06,7.41059031047023e-07,2.73403304091619e-06,-2.3880971101955e-07,3.81628838134459e-06,-2.15358783825661e-06,4.99193168014594e-06,-8.57007713798216e-07,-8.19477718743007e-08,1.07741401067056e-07,-1.9356582930845e-06,5.14387666567874e-06,-3.48488565682025e-06,-6.96876255625714e-05,-1.94968308705661e-05,-3.8781324819712e-05,-1.9322016590381e-05,1.85360722281964e-05,-9.1789155836042e-05,-1.36341030445925e-05,-3.6456885027949e-05,-2.24336455267478e-05,1.67850743935716e-05,-1.13037307362801e-06,1.53958289810429e-05,-1.16898563880746e-05,2.72329123665396e-05,-1.46288429928415e-05,1.36489084780014e-06,-2.00061566585599e-05,-2.9145519692955e-08,-1.30117534426933e-07,-2.85784546217253e-07,-1.77530204839275e-07,-4.13987942331086e-07,3.09928386685892e-08,1.88974644234349e-07,-1.84151938829762e-08,-1.23029457901854e-07,1.03763677256757e-07,-0.000117161898211888,-3.70362842540936e-05,3.72680016561151e-05,-3.90125925923077e-06,1.63751976785233e-05,-1.54837251944973e-05,-1.20539446684569e-05,-3.79837402806165e-05,0.000122889776121654,-4.01565701610485e-05,2.39410188831866e-07,0.00131537784813192,-0.000450769759933215,-0.00024093174883415,-0.000748127552448843,-2.45534081441346e-05,-4.15902037960063e-05,2.23697316843982e-06
"east_of_england","beta14",2.41276122509507e-05,0.000105435678658678,3.256547130217e-05,-2.04455893523785e-05,-2.52258757204323e-05,5.79986211190759e-06,3.52947884495398e-07,-1.69970921487632e-06,-3.00826402374645e-06,2.25866133823981e-05,-1.06363123191394e-05,3.28672759009716e-06,4.10225168617196e-07,1.03243396795138e-05,-6.22046952663998e-07,3.99944005214041e-05,-3.72032143283017e-07,2.8367254548373e-06,2.21673198569426e-07,1.13666121187894e-05,-2.61672861582939e-06,3.59621058159598e-06,4.37459897856273e-06,-1.262737549611e-06,2.01319830297241e-06,3.61094126089273e-06,1.63617882183612e-06,6.54198112387398e-06,2.82860168367146e-06,1.26741797100137e-06,2.65841689709563e-06,2.18311132116315e-06,1.89910939975514e-06,-5.26374924323237e-06,-2.35310970126816e-06,5.8630378562985e-06,-1.04421175800371e-05,8.66576575959789e-06,-9.93988126422253e-06,7.91979779308523e-07,0.000434529175975664,-1.50539113646389e-05,4.94410316759761e-05,7.02855940706086e-05,-0.000196850323672073,8.17089631450098e-05,-9.34999271940284e-07,0.000127869729769501,-1.54814014185031e-06,0.000102283415408575,-7.20083046804759e-07,-7.79719213784227e-05,4.28216231968437e-05,-7.67385615535366e-05,0.000145171691856373,4.0135091736582e-05,0.000147375487363671,2.35774549876207e-07,1.22618836895682e-07,8.73867130296652e-07,-2.10945835605621e-07,-1.70263606135865e-06,-4.40957978113793e-07,-6.07375079816116e-07,-1.41485730672937e-07,2.03766547712049e-07,-3.39912623059972e-08,0.00021121831239944,0.000125494439442855,-0.000284336656019316,0.000353607354926607,-5.71875397162402e-05,-3.27255998405753e-06,-5.47075178742462e-05,5.30631277918045e-05,-0.000463353046551725,-8.65831312012329e-05,-6.49418030915091e-07,-0.00469510439422523,-0.00692285223000189,0.000675557386896225,-0.00555437947791583,-0.000136425247241156,6.07722022414914e-05,1.69016349152751e-06
"east_of_england","beta15",5.08584038863685e-06,-0.000188013410904236,-5.819786583374e-06,7.91982456635901e-06,1.42227528054717e-05,-4.00963847998677e-08,-3.11513537326448e-06,1.64672463574029e-06,2.37943993793134e-06,-1.06363123191394e-05,9.97211954312607e-06,-1.95991133987871e-06,1.49497557514312e-06,-5.48769542485671e-06,2.48359884909998e-06,-1.66491082825639e-05,1.21633427221152e-06,-1.36565637763552e-06,6.78976348793601e-06,-1.05591669393233e-05,2.70372076300898e-06,-1.12092118003996e-06,-1.43137366585813e-06,2.11423753665294e-06,5.95259036758772e-07,-1.0678921729841e-06,-1.21175392189242e-06,-1.15169375530879e-06,-2.20598162943376e-07,3.12347565572624e-06,-2.82645804867618e-06,4.46818137149163e-06,-4.87550923507794e-06,1.91963358443508e-05,1.68329414842088e-06,-4.11285822495686e-06,4.77109449320359e-06,-3.61047061569273e-06,6.75738390843054e-06,-6.03441706270449e-06,-0.000293192588354423,9.26470579019195e-06,-1.05564654570828e-05,-7.11466551921732e-05,0.000147595683904902,-8.91801429617616e-05,8.09547862833003e-05,-6.3277911082307e-05,-1.04168592757275e-05,9.43471294072064e-07,-1.43417696333407e-06,6.78889263557179e-05,-0.000115493445876672,4.12939850792517e-05,-9.57937255736995e-05,-8.94254495026955e-06,7.0334356172265e-05,-1.713326819488e-07,-6.96392276544595e-09,-4.55358825804747e-07,1.19589888586514e-07,6.20092752526034e-07,2.09578743251896e-07,4.40929267676983e-07,5.22613688313821e-08,-8.63650673901346e-08,1.20827105389269e-08,-0.000103550142848862,-0.000183901658932828,0.00016428638113449,-0.000220489629441434,-0.000126008259952475,4.63968011629691e-07,0.000127832801383178,-3.02335581359346e-05,0.000138606302966395,2.87386459672706e-05,-5.1132100074408e-09,0.00112424630019137,0.00664676121084143,-0.000815814983375966,0.00361361816418991,1.64239803646798e-05,-1.51103630899795e-05,-3.03217856874827e-05
"east_of_england","beta16",1.60013430892155e-06,8.73435928805049e-06,1.42326926065117e-05,-6.46984511687617e-06,-6.97311305372884e-06,2.94650579699688e-07,3.71570367903937e-06,-2.30112659658253e-06,4.8997901063774e-07,3.28672759009716e-06,-1.95991133987871e-06,1.05538542943783e-06,-2.35458623368472e-08,2.41023468012252e-06,-7.97803124010598e-07,8.20777008182416e-06,7.57938007036839e-07,8.35361556462376e-07,-1.69894035254781e-07,3.78556441617208e-06,-6.60906565317818e-07,1.63760604446147e-06,5.6869746044438e-07,9.30788281719135e-07,-3.99933850355279e-07,1.4987696560156e-06,9.69740435817544e-07,1.6558019861609e-06,6.34710306297566e-07,1.02397199022284e-06,6.43591499935665e-07,1.19869529676418e-06,3.91614361376056e-07,-2.11911142448915e-06,-9.22452796646575e-07,1.03486122259286e-06,-2.07298160907283e-06,1.571726722593e-06,-6.50265863777397e-07,-5.97011503057556e-07,9.03809111137424e-05,-1.27614299398184e-05,-2.83990485806938e-05,-3.68500516609657e-06,-4.52920895677118e-05,-1.20019794133054e-05,-1.25834976321152e-06,3.07691266769698e-07,-1.4533973708637e-06,2.86424166938765e-05,-5.32848330669353e-06,-1.10008951120074e-05,1.16507028070164e-05,-1.55195283947709e-06,2.99134335478941e-05,4.03719871336298e-06,1.93429054753568e-05,4.06053701524727e-08,-4.36253455952597e-08,9.42944812643705e-08,-1.14979135486241e-07,-6.01246739662497e-07,-7.26415988496873e-08,-7.98402550795238e-08,-5.13526585840449e-08,-1.33884203274939e-08,2.24963089804476e-08,-5.81128965604858e-05,9.92197476348543e-05,-4.68977047807098e-05,4.30433111871063e-05,1.02701385667166e-05,-3.75841941356864e-06,-2.95508874827279e-05,1.8334429789518e-05,-5.1160446003748e-05,-2.81750916668245e-05,-1.65527799577781e-07,-0.000730790291775401,-0.00207801028745168,-2.04726228559347e-05,-0.00158492521240014,-3.4120382274857e-05,-3.54078144368476e-06,2.30683769614634e-06
"east_of_england","beta17",5.16264682619542e-06,-1.6742340448067e-05,5.70297921841854e-06,-5.86158666860699e-07,1.01470062708921e-06,2.32281221546156e-07,1.95114637187242e-07,-4.32964613244834e-07,6.55084222621428e-07,4.10225168617196e-07,1.49497557514312e-06,-2.35458623368472e-08,1.05604055244887e-06,-5.45945966295221e-07,1.52761766196483e-06,1.28251399290085e-06,-5.36780320112962e-08,6.62378459486592e-07,2.01486473684869e-06,-1.0858288510193e-06,6.34449265490457e-07,5.38989860994147e-07,4.1534452277605e-07,9.77794993662796e-07,6.42105049240849e-07,5.18397312012652e-07,-7.2132080785325e-08,9.77324459614609e-07,1.06911315809699e-06,1.2348784370738e-06,7.5272828699809e-08,1.59638766807951e-06,2.34401322761604e-09,2.72763300219399e-06,2.45590686385105e-08,1.14197803484089e-08,-1.42865521609678e-07,-4.01512372704477e-08,8.16183610697049e-07,-1.19720886153841e-06,-1.75162199954263e-05,6.51191516593466e-06,3.51032548355056e-05,-1.65336710368923e-05,1.91646413281845e-05,4.06152257864605e-05,2.05104613195886e-05,1.4220721318645e-05,3.03815944238082e-06,1.59128162722102e-05,3.37184411214512e-06,4.53362567089323e-06,-2.57857471811222e-05,-6.26262449426051e-07,-3.23797061151038e-06,3.23789408387526e-06,3.86876267701658e-05,-3.47510305156128e-08,1.65866164220806e-09,3.14095176742752e-08,1.91168666944256e-08,-1.24645019971606e-07,2.9840178145491e-08,7.53561693234858e-08,2.70719990843572e-08,1.29650427140905e-08,1.97228948424731e-08,1.2296988026493e-05,-0.000101642303233786,3.05763747760637e-05,-1.36439037490763e-05,-7.63255950440157e-05,1.32075601655617e-05,1.89291585461503e-05,3.74839114618374e-05,-5.53388770731507e-05,-1.66940814160654e-05,-1.53309029906358e-07,-0.00112595002404723,0.000961136022215631,-0.000128456472913545,0.000370673089691117,-2.77897847663123e-05,7.01587463568007e-06,-1.3242994609819e-05
"east_of_england","beta18",6.46309618966878e-07,-2.63523002252216e-05,4.14015678480145e-05,-1.5255938255461e-05,-2.00373826027658e-05,1.0138323560361e-06,6.26385279030309e-06,-3.07813717490655e-06,-1.80470151642604e-07,1.03243396795138e-05,-5.48769542485671e-06,2.41023468012252e-06,-5.45945966295221e-07,9.24115735033162e-06,-4.35641969367411e-06,1.72178993580466e-05,1.95465953819417e-06,8.42198073090485e-07,-3.00037260698681e-08,8.88334113835152e-06,-2.64728478946491e-06,2.76668302643774e-06,2.03647603128318e-06,-8.23679214668103e-07,-7.12419067788043e-07,2.96045098677299e-06,3.36589613452075e-06,3.40629192730808e-06,-1.18947058626955e-07,2.80545247814048e-06,-4.4279225490118e-07,5.96974890778715e-06,-4.34258688493988e-06,6.24195473507293e-06,-3.20699999055681e-06,3.81956250868875e-06,-7.27120674469802e-06,7.19532067299383e-06,-6.6541981767003e-06,-4.96537825574927e-07,0.000308414681561171,-6.47675364883208e-05,-6.33075446212829e-05,-7.72763814457213e-06,-0.000115365505909602,-0.000106375156856193,6.76208173460065e-05,-2.90641267566112e-05,-3.8977902335769e-05,0.000113996202452064,-2.43635597335551e-05,2.49588113628828e-06,-7.16515600930331e-05,-7.95872448369772e-06,5.70815582864764e-05,1.26809855568431e-05,0.000126461376526493,1.59285333305258e-07,-3.01495008768946e-08,1.74360908282614e-07,-3.76141063747176e-07,-1.86452110198121e-06,-2.36556042127282e-07,-4.64020583264176e-07,-1.31230772816269e-07,7.76398642155405e-09,-3.14967202119894e-07,-0.000101733037024872,0.000380495538135463,-0.000154939995026708,5.96269971373424e-05,-0.000102253247401987,4.50062263153375e-05,3.56488468675662e-07,2.07419152393524e-05,-0.000243477682456719,-1.70626960348155e-05,-6.87935459275981e-07,-0.00176886190201123,-0.00596963126674155,-0.000230324415581206,-0.00461856155806816,-8.85783810967008e-05,2.66705947377573e-05,7.56386537794298e-06
"east_of_england","beta19",2.15054598886594e-05,1.88663918738141e-05,-1.48110202794626e-05,3.49655028679908e-06,6.83057256231462e-06,1.18090012626008e-06,-3.568189333954e-06,1.17279169878442e-06,-2.38286915164615e-08,-6.22046952663998e-07,2.48359884909998e-06,-7.97803124010598e-07,1.52761766196483e-06,-4.35641969367411e-06,5.49548256379575e-06,6.40039315195576e-06,-1.95928763458873e-06,1.42021001145023e-06,1.03916739461879e-06,-3.61064459913235e-06,2.01147851917904e-06,-3.2552797975095e-07,3.12001194983253e-07,9.5923853177424e-07,2.01732461578167e-06,-5.5568672094622e-07,-2.21427771660121e-06,3.2434344038979e-07,2.06713214322103e-06,-7.16779640605046e-07,1.43999917479949e-06,-2.58525076079702e-06,4.52324873074234e-06,-5.68009916665636e-06,1.84451338974546e-06,-1.90921449018472e-06,3.67762914158197e-06,-4.30382597291476e-06,4.3501450148325e-06,-1.92638520979646e-06,-6.38909011414468e-05,6.24781319641947e-05,8.2090880548101e-05,7.76968439236636e-06,5.80272141255893e-05,0.00017462893301001,-3.86399610934093e-05,7.30195827535323e-05,2.9917656700363e-05,-3.91427210920464e-05,1.61822777360628e-05,-1.52035168778886e-05,8.13387130723044e-05,-2.82923183357885e-05,6.0743735249487e-06,8.70175492538541e-06,-2.86060866733605e-05,-1.06383027706989e-07,-1.02434853615174e-07,6.3916664069743e-08,1.76676758831207e-07,7.18469037972398e-07,1.16772416581449e-08,2.91583116307987e-07,-3.52742401424633e-09,3.53866045468724e-08,1.6800471589998e-07,0.000129079681448231,-0.00029978851040699,4.50061685272473e-05,3.71339748975373e-05,-7.67085990381096e-07,-3.09326121669225e-05,-6.43206907061005e-06,2.07901098936184e-05,-1.40647289238441e-05,-3.91387219150568e-05,2.53683575864521e-07,-0.00103036303587781,0.003878525501493,0.000356705669583738,0.00203507836734802,-9.17762578637177e-06,-1.34363223691521e-07,-8.83835281540348e-06
"east_of_england","beta2",0.000186466716352511,-0.000153238322979405,0.000144429235646532,-8.70417802141735e-05,-0.000109533073182372,1.72365796106364e-05,3.17926255248755e-05,-2.28499028664667e-05,4.65747338783881e-06,3.99944005214041e-05,-1.66491082825639e-05,8.20777008182416e-06,1.28251399290085e-06,1.72178993580466e-05,6.40039315195576e-06,0.000280475573597827,-1.62721055602649e-06,1.06597322468259e-05,6.29631137001659e-06,1.59437185186379e-05,6.08771308092527e-08,1.14249962115991e-05,4.19786689932788e-06,8.54058886763972e-06,2.83480175063697e-07,-1.84816084180252e-07,-3.42580720518046e-06,2.35394324866069e-05,1.9703485451392e-06,7.74479013388131e-06,5.10824038874062e-06,3.0177809013571e-06,3.14870106352764e-06,-1.64981488455867e-05,-1.27198311615237e-06,8.02214433706776e-07,-4.64503830615732e-06,-1.03474376225065e-05,2.25674382486861e-05,-3.01868126192991e-05,0.000769300359940126,4.97725340408207e-05,-0.000233276502630737,0.000124937654281872,-0.000446104383857029,0.000474538493850454,-0.000514881931893801,0.000344332602228375,-3.69202346940422e-05,0.000162643654853332,-2.52719385900299e-05,-0.000121454967434243,0.000267161140504795,-0.000292966294195706,0.000441786820548058,0.000138769665878825,0.00023404118714673,2.80843726355797e-07,-1.14043271453069e-06,1.08302322184651e-06,-1.47312118175476e-06,-5.35964549833221e-06,-1.57015401136563e-06,7.37540310035448e-08,-1.04585562745204e-06,-1.57034231459117e-07,1.13147659324342e-06,-0.000247665482659486,0.000560450090094967,-0.000632624610573419,0.00101767255070757,-5.41397069828495e-05,-0.000107920217282652,-2.8844754981077e-05,-6.98923168447283e-05,-0.000676219651417182,-0.000523134029887146,-1.12627918069296e-08,0.000460129044134277,-0.00792360818765549,0.00209049330474654,-0.0192953200388006,-0.000337505175286381,1.69108310727436e-05,0.000100040112764236
"east_of_england","beta20",-1.52258099944276e-06,-9.18438260363113e-05,2.2546893133199e-05,-6.07107227681644e-06,-2.20423860814612e-06,1.90315852838823e-07,3.69241540601688e-06,-2.36376941277455e-06,1.76602157914807e-06,-3.72032143283017e-07,1.21633427221152e-06,7.57938007036839e-07,-5.36780320112962e-08,1.95465953819417e-06,-1.95928763458873e-06,-1.62721055602649e-06,3.22697329771103e-06,-6.14436730970656e-07,4.00594027579948e-06,1.33995446419582e-06,-1.85883061580024e-07,2.34663270523076e-06,1.59273684569941e-07,2.52913654588048e-06,-5.44735135797699e-07,2.40551775738287e-06,1.29445089002716e-06,1.93200923329737e-06,5.93035425212742e-07,3.20400132814522e-06,-5.85337216537478e-07,4.1274787087756e-06,-2.61861145169629e-06,7.67735375314474e-06,-7.08657191736873e-07,-1.46941124736505e-07,-2.43318008157413e-06,2.50327104215904e-06,5.30158393421347e-07,-2.75732285456375e-06,-4.61212554727378e-05,-3.65037598012137e-05,-0.000105783233306831,-2.72519639710349e-05,-2.00039627845656e-05,-0.000151560034298387,6.10561740640934e-05,-5.70304853886337e-05,-1.87003252176194e-05,4.54855317198445e-05,-1.36385703793773e-05,1.79990369686342e-05,-3.38125585781161e-05,5.15628946153263e-05,-6.07110558913031e-06,-4.3235901441851e-06,7.29497212538006e-05,3.27474502208853e-08,5.53314813787759e-08,-3.95002979738665e-08,-8.4511607877206e-08,-4.83800629453186e-07,8.59523121510019e-09,3.49390938552502e-08,-9.33716602104328e-08,-6.92865962823983e-08,6.06712358941293e-08,-0.000170116795914038,0.000157497790255453,-3.99301506498541e-05,-3.20543509242544e-05,3.04080591439813e-07,-2.21429604251731e-05,1.10866410246999e-05,-8.92067066211472e-06,3.84683358256973e-05,-1.43682466962128e-05,-2.15925842765359e-07,0.000152042983387578,-0.00104448301258147,-0.000497464609242673,-0.000340130389643761,-2.91857705733595e-05,-3.10284744048126e-05,-8.252679909607e-06
"east_of_england","beta21",6.07261993338127e-06,2.35782212027517e-05,4.7475689752089e-06,-4.2104259515432e-06,-8.16021369413494e-06,1.71489682779836e-06,3.6527033514956e-06,-2.59126455236455e-06,1.0854205495773e-06,2.8367254548373e-06,-1.36565637763552e-06,8.35361556462376e-07,6.62378459486592e-07,8.42198073090485e-07,1.42021001145023e-06,1.06597322468259e-05,-6.14436730970656e-07,3.64240265354738e-06,-1.94396915587329e-06,4.1644449266105e-06,9.7945853413321e-07,2.01752917118337e-06,1.19786086764849e-06,2.16382951143502e-06,1.48212366184979e-06,1.36104408764398e-06,1.05252091882325e-06,2.66618653642991e-06,2.44876709731965e-06,1.26120689843651e-06,1.88658267626013e-06,1.28443354772939e-06,2.57193489658937e-06,-4.73687624383305e-06,-9.84777059276472e-07,1.09705324361575e-06,5.34805080662617e-07,-2.71857498629418e-06,3.97222003623925e-06,-3.01623112816208e-06,0.00010402357455566,1.43436982635143e-05,4.04846490481644e-05,1.49092892673452e-05,-5.51091351326485e-07,0.000123386678939489,-7.67200249014634e-05,4.42333212630798e-05,-1.91849941218309e-06,-3.94229927398969e-07,5.50918134742314e-06,-2.4237426942059e-05,5.05733664340957e-05,-2.86166080704697e-05,2.79717026750551e-05,1.55384449640664e-05,-5.71373350350236e-05,-4.47979403262809e-08,-2.37215969239117e-07,-1.1552421741876e-07,-1.59443085002188e-07,-3.18019168816083e-07,-8.61308380744121e-08,3.70283200409211e-08,3.49802211911913e-08,-2.05298536673883e-08,6.82473914408935e-08,6.93038311777137e-05,-9.23687933602506e-05,-1.43939313563723e-05,7.30441120548908e-05,3.69412649554814e-05,-2.24563444442048e-06,-4.83880030953789e-05,-3.12008620597436e-05,-6.98449977393354e-06,-5.06937232924686e-05,1.62487480929135e-07,-0.000494713427018614,-0.00250718678590646,0.000301758700861068,-0.00202412639251037,-3.68105014418994e-05,-3.60578995947094e-05,3.09757329629995e-06
"east_of_england","beta22",1.80995585934441e-05,-0.000293618410533698,3.12393552290896e-05,-9.83463138969329e-06,5.18863390503562e-06,2.04417024224159e-06,-1.73676918238698e-06,1.32625083603957e-08,2.50416409444566e-06,2.21673198569426e-07,6.78976348793601e-06,-1.69894035254781e-07,2.01486473684869e-06,-3.00037260698681e-08,1.03916739461879e-06,6.29631137001659e-06,4.00594027579948e-06,-1.94396915587329e-06,1.90874884581363e-05,-1.20239184565494e-05,2.8531717945762e-06,1.7371716784787e-06,1.61876840182996e-06,4.47819227571825e-06,2.30576886098692e-06,1.80680010120884e-06,-2.66417801132611e-07,4.89898191720125e-06,2.41585796476353e-06,7.23730240967234e-06,-2.66093422047306e-06,9.2679173214119e-06,-8.62158655477548e-06,3.28891533910208e-05,8.1866323029735e-07,-1.23967754275254e-06,-5.40696249394594e-06,5.95327169592994e-06,-2.6598605864302e-06,-3.27468882794168e-06,-0.000275550521758185,-5.4367571058519e-05,-5.92776600578496e-05,-5.83966086341169e-05,1.21419128460599e-05,-0.000195616910219853,0.00018688239741888,-2.15833213828059e-05,-1.87924672681433e-05,8.55747349445427e-05,-1.14596468740635e-06,5.08953044140527e-05,-0.000173967490572644,7.41273787241759e-05,-4.46613630208672e-05,2.35241834904723e-06,0.000279167358843201,5.59472585732309e-08,4.75272396836365e-07,3.39773449288784e-07,1.8253065802991e-07,-2.88014459706195e-07,1.66603771480452e-07,2.66506080278541e-07,-2.38727645650056e-08,8.16232066497139e-08,2.42241807350752e-07,-1.17600137857622e-05,-0.000153617901253458,1.11976763512313e-05,-1.75269750040979e-05,-0.000333402760764648,4.32268250284134e-06,0.000189182100544144,8.63963287565288e-05,-0.000156281498090419,-4.18527570035473e-05,-6.08250947853627e-07,-0.000444270055531269,0.00365088035026531,-0.000814835769848217,0.00249691132793933,-6.03804026812054e-05,-1.28610610566673e-05,-5.44473029357004e-05
"east_of_england","beta23",-6.58227406265623e-06,0.000241135938223503,4.32235990095162e-05,-1.45809402315028e-05,-2.42501706465492e-05,-1.20449718967017e-06,1.44214721115116e-05,-8.2265853721132e-06,7.14683824142645e-07,1.13666121187894e-05,-1.05591669393233e-05,3.78556441617208e-06,-1.0858288510193e-06,8.88334113835152e-06,-3.61064459913235e-06,1.59437185186379e-05,1.33995446419582e-06,4.1644449266105e-06,-1.20239184565494e-05,2.47743895602534e-05,-4.31192273602148e-06,6.06442982975563e-06,1.93487150773193e-06,8.26506548886671e-07,-5.8970562834375e-07,5.21927666876769e-06,3.70090669932325e-06,3.58661796767329e-06,2.11902957802012e-06,6.23777221926056e-07,4.45874903216537e-06,-2.57113818257249e-07,7.63437398695048e-06,-2.54791757305428e-05,-3.70715972869554e-06,4.47622171205772e-06,-4.80016456948542e-06,2.83484094206302e-06,-6.20345690631043e-07,-5.87340723721504e-07,0.000435201990831889,-1.69385455378073e-05,-9.91448682390915e-05,1.6274783502212e-05,-0.00016469120927276,9.92710962074122e-05,-0.000108340870845109,-7.68008259685528e-06,-4.36509019427604e-06,5.44572998762416e-05,-2.72833016463346e-05,-6.28073728058884e-05,0.000158299965999804,-2.94466506341366e-05,0.000130055683965903,8.12358067186114e-06,-6.8421605570557e-05,5.50282340538191e-08,-3.27552738218372e-07,1.36828327728505e-07,-4.73737964104166e-07,-2.01110422970649e-06,-3.54200533893675e-07,-4.1899563663533e-07,-2.37766949921468e-07,-1.22087808568513e-07,-2.55129523797228e-07,-0.000262094699295427,0.000498099814210288,-0.000182116189633814,0.000131789434690906,0.000261750031836958,-1.19632618997773e-05,-0.000250776953439823,6.09421447124925e-06,-5.65538959473805e-05,-5.92859119208903e-05,-2.91142726888227e-07,-0.0028348577895697,-0.0114453884901961,0.000203111449793271,-0.00634577606751775,-9.62347319606884e-05,-4.15578287663623e-05,3.86016982403011e-05
"east_of_england","beta24",5.03604488986638e-06,-4.33058940883191e-05,-1.23280683549728e-05,2.80126634646918e-06,3.06285885669708e-06,1.12112732076286e-06,-1.75063891794654e-06,6.21006636692925e-07,9.09514169836801e-07,-2.61672861582939e-06,2.70372076300898e-06,-6.60906565317818e-07,6.34449265490457e-07,-2.64728478946491e-06,2.01147851917904e-06,6.08771308092527e-08,-1.85883061580024e-07,9.7945853413321e-07,2.8531717945762e-06,-4.31192273602148e-06,2.44382565185442e-06,-9.27405618908726e-08,4.024475410938e-07,1.63789352409242e-06,2.38109833820984e-06,-7.03781773788257e-07,-5.64178876951822e-07,1.02041822735128e-06,1.47628763892961e-06,9.53911599705523e-07,3.13777255052201e-07,2.50466803855401e-07,8.10707061504352e-07,2.78792397231414e-06,7.74275622694546e-07,-9.37853954428276e-07,1.87383455986221e-06,-2.89529025632535e-06,3.44614042464522e-06,-1.76889092368509e-06,-0.000114973294786434,1.76569480718251e-05,4.1707410014021e-05,6.1604931065607e-06,5.93942720842492e-05,4.75081325087125e-05,-2.53664787108879e-05,3.07166918301664e-05,-1.15496691699283e-07,-3.247549735383e-05,1.22505828106637e-05,1.08353282725519e-06,2.4043307060679e-05,7.27626528606825e-07,-2.47085344887049e-05,5.17238863925626e-06,-1.65750108569549e-05,-4.50822616508969e-08,-3.47327150562006e-08,-1.21423660980993e-07,7.70900986559677e-08,6.17251947823449e-07,7.06336746926876e-08,2.06904030201419e-07,8.59476677637471e-08,7.46037502507358e-09,1.31437344053289e-07,0.000113184688496212,-0.000245136710994655,5.5076145996714e-05,-1.81181485736792e-05,-1.19356938728385e-05,-1.26856877953547e-05,1.3664813325398e-05,-3.66658259538186e-05,6.96191916704659e-05,-1.6772373161635e-05,3.11506464052354e-07,0.000923640225365592,0.00131472649162171,0.000172265924307825,0.000803384112298908,1.21818548162322e-05,-3.71730172871897e-05,-6.84137832779167e-06
