"region","name","alpha_admission","alpha_D","alpha_death_hosp","alpha_H","beta1","beta10","beta11","beta12","beta13","beta14","beta15","beta16","beta17","beta18","beta19","beta2","beta20","beta21","beta22","beta23","beta24","beta25","beta26","beta27","beta28","beta29","beta3","beta30","beta31","beta32","beta33","beta34","beta35","beta36","beta4","beta5","beta6","beta7","beta8","beta9","mu_D","mu_D_2","mu_D_3","mu_D_4","mu_D_5","mu_gamma_H","mu_gamma_H_2","mu_gamma_H_3","mu_gamma_H_4","p_G_D","p_G_D_2","p_H","p_H_2","p_H_D","p_ICU","p_ICU_2","p_ICU_D","p_NC_15_24","p_NC_25_49","p_NC_50_64","p_NC_65_79","p_NC_80_plus","p_NC_weekend_15_24","p_NC_weekend_25_49","p_NC_weekend_50_64","p_NC_weekend_65_79","p_NC_weekend_80_plus","p_W_D","rel_p_D_alpha","rel_p_D_delta","rel_p_D_omicron","rel_p_H_alpha","rel_p_H_delta","rel_p_H_omicron","rel_p_ICU_alpha","rel_p_ICU_delta","rel_p_ICU_omicron","rho_pillar2_tests","seed_date_alpha","seed_date_delta","seed_date_omicron","start_date","ta_alpha","ta_delta","ta_omicron"
"east_of_england","alpha_admission",0.000238670215568933,0.000340582854853724,0.000166393528797544,3.44208558795688e-06,-7.34279780038793e-06,-5.55767176683744e-06,-1.38610566712384e-06,6.98115524126029e-06,1.92594875503517e-06,-2.3032110910187e-06,1.0953615544768e-05,-1.37956830152851e-06,-2.4934394157222e-06,-6.57564921213007e-07,3.59666736056303e-06,-5.40281395068832e-05,-1.04987506851165e-05,-1.30326024478265e-05,9.33714220454332e-06,-1.80585731606765e-05,4.96063067400391e-06,-1.86262870183113e-05,8.5702394603185e-06,-8.01418504957713e-06,-2.40341465413745e-05,1.04228256403666e-05,1.90188727258384e-05,-3.86005487738841e-06,-5.48044368722598e-06,1.14183067582749e-05,-6.89317137267006e-06,-8.99012438836777e-07,2.5664667658563e-06,-6.70399779287519e-08,-1.81689157112268e-05,2.19718368716591e-05,6.94126589072419e-06,-2.07779559531644e-05,9.26828019411971e-06,5.46935305883284e-06,-0.000271704554303534,0.000269799091110993,-0.000299270382670739,-0.000211264639360172,0.000282360283014992,0.00023934767387847,-0.000744232440563181,-0.000400741139721472,-0.000201696262929804,-0.000255004923483098,-8.62853103819709e-06,9.32079622384972e-05,-4.16475696486502e-05,-2.99352167067777e-05,4.65499333995761e-05,0.000118151096193603,0.000277671409482235,-8.64440039157378e-07,6.77912067872215e-07,2.19481024154499e-06,1.70915185166548e-06,6.76956644541686e-07,2.70622041730328e-06,-1.12308848487732e-06,2.03676358367325e-07,-8.7591937945452e-07,-4.44286388168388e-06,0.0011131519051658,-0.000126526664834315,-9.60054710530787e-07,-0.000868895258686284,-0.000213492001559097,-0.000280202571624759,0.000151986583186668,-0.000295981395138211,-0.000435655828215546,-0.000213528010428545,-1.73207423654301e-06,0.0156002795002719,-0.00326498462687227,-0.000122723109998069,-0.00332283374053231,0.000118691510656379,0.000243923093068736,-0.000235207275172602
"east_of_england","alpha_D",0.000340582854853724,0.0183701050731585,0.000800835054299331,0.000179703574352787,-0.000692713844647887,-6.0833754966204e-05,-1.77404837056451e-05,-8.62557091389137e-05,0.000174925603499398,-0.000472626857078973,0.000159324857326772,2.60351418043673e-05,-7.0731339584746e-05,0.00011715805173696,-0.000146548759333104,0.00171159583453989,1.75297144601552e-05,-0.000129566918800857,-2.99766998930283e-05,-0.00051855739842104,0.000190354120592456,-0.000231068993516741,-0.000124321064806329,8.46847733741377e-05,-0.000235817353611209,-0.000156487586031416,-0.000164470197181195,7.13852647979004e-05,-0.000289336297898929,-1.23462797711281e-05,-7.26993609494324e-05,-0.000350268053082336,7.99906847858826e-05,-0.000243171644987588,6.15107990589124e-05,6.15114751342668e-05,-7.30843013481134e-05,8.12955245012058e-05,0.000119247917567856,6.78359088849855e-05,0.00440770339188168,-0.00193757417341466,-0.000363904904798015,-0.00143725531715165,0.00384746104719269,-0.0163855720054642,0.00581544654149014,-0.00251044905308732,0.00315744442411026,0.00219240333529614,-0.00131250815205448,-0.00357579722909339,-0.00701561473360947,-0.000194549431364882,-0.00435659152654161,0.000342291043555704,-0.00198197783103685,-2.12279579501121e-06,1.08037438888646e-05,1.09144099236345e-05,-1.69226234818454e-05,-1.84560467704607e-06,-2.69961576477534e-06,1.05113612624542e-05,-2.41292653546727e-06,7.93532925680856e-06,2.67234531856725e-05,0.00531583259794367,0.00316374496398604,0.00310155616843634,-0.00507191315478186,0.0196458820649938,-0.0074379725375579,0.00288847452912941,-0.0101625057338553,0.0129490522484352,0.00012846694386596,-6.50970159007778e-06,-0.0492745999486699,0.0452577091865446,-0.00192600765847061,-0.261754429168188,0.00198994867490682,0.00337867167614687,0.000455375261236216
"east_of_england","alpha_death_hosp",0.000166393528797544,0.000800835054299331,0.000960801340048545,-5.98493308137114e-05,-0.00010094765689987,3.19169580310397e-05,-9.14087420578998e-05,1.30691098380072e-05,-3.98720316326438e-06,-1.80149240177859e-05,2.0580579915752e-05,-1.69169106503113e-06,-1.64610854537693e-06,-3.3510980785294e-06,4.73740139691894e-06,0.000173919998827027,-2.55091618850358e-06,8.52350559588816e-06,1.70252989555204e-05,-4.44692121602396e-05,2.09450117478656e-05,-5.64408571799614e-07,-1.51099196897944e-05,1.47642877468122e-05,8.27729431819336e-06,-2.82719632687339e-06,2.51333886119059e-06,1.36491657659606e-05,-2.40476580421517e-05,1.43237900231265e-05,-5.28679093627209e-06,-4.91470790453404e-05,5.81339066049645e-05,-0.000133415081875386,-6.79547286301783e-06,-2.24755813949687e-06,2.63612687914967e-05,-2.08969929858996e-05,1.90268914989441e-05,-1.11270719627366e-07,-0.000812593325390713,-3.94944008211728e-05,-0.000540309207642698,-0.000234341638493715,-0.000176128685025973,0.00072600438859708,-0.000186450362534789,-0.000508589885331869,0.000155294782310756,0.00034720660503932,-0.000244426105671562,-0.000198304854365913,-6.1946087966174e-05,-0.000310537770843532,-6.50998623953696e-05,-5.64345213813774e-05,-0.000290549410766749,5.50643823894448e-07,-2.2382492563826e-06,-3.36705848756198e-06,-3.94508392632718e-07,-2.61174882339071e-06,3.50014272736484e-07,-1.41011751849212e-06,-1.43883448736967e-07,-1.66755010663751e-06,-4.15976700583279e-06,0.00012610904973154,0.00133775810582558,0.000406642628254627,0.000320117390105712,0.0019993404246736,-0.000653953001945567,-0.000496822823336995,0.000342634111126324,0.000554362316832176,-0.000298922156112808,5.97675830611983e-06,-0.0164871105601433,0.000302091288702109,0.00031171905260444,-0.0276016379104351,0.000142629014388658,-0.000238970253568538,0.000317378645937896
"east_of_england","alpha_H",3.44208558795688e-06,0.000179703574352787,-5.98493308137114e-05,3.52385359739285e-05,1.99831244275227e-05,3.93258576713897e-06,6.59740147380157e-07,2.87536906812976e-06,2.15815156223733e-06,3.49497839538645e-08,2.85307939445799e-06,1.30377770532629e-06,-7.60755730835749e-07,-6.94044715882801e-08,4.52776456389538e-06,-4.17681048321155e-05,-2.41964022620656e-06,-3.18014255228678e-06,8.92736992528506e-08,-1.22394018105991e-05,3.49656597534286e-07,-2.10094722354898e-06,-1.63184403951684e-06,5.88201499796748e-06,-1.00183055836209e-05,-3.5199454639737e-06,-4.03399604495113e-06,3.53234924513047e-06,8.28958937119227e-07,2.06505387549068e-06,-7.68166669167676e-07,1.61334204949555e-06,-5.19894107501872e-06,2.10600286666199e-05,2.05336646701358e-06,-1.34667562635469e-06,8.80338344619855e-06,-7.90341698194603e-06,1.32299702312035e-05,-1.86549117832305e-05,0.000176947265168421,0.000171832088403467,-0.000177594998601397,-0.000147171806035687,0.000278882255725223,-7.3394467431512e-05,7.55922523318904e-07,-6.40123016393281e-05,-2.94157253267568e-05,4.11923095027682e-05,3.49153123744443e-05,5.26014291328329e-05,-0.000372401068380779,0.00020459533567382,-0.000163024748509095,4.52960989473056e-05,0.000155219881126092,-2.77646828397222e-07,8.65215164478012e-07,4.34371904021052e-07,2.36820933658517e-07,1.19372444526621e-06,7.50182626669906e-07,4.01290870829515e-07,-1.8163551040251e-07,-7.64303100702722e-08,4.25129102389291e-08,0.000180039974057164,1.22064372343422e-05,-1.36984440323696e-05,-0.00057009328834173,-0.00030969502226449,1.69348457305073e-06,0.000404739529924459,-0.000276850935640426,-0.000269682054759892,1.50515523256906e-05,-1.76283329659831e-06,0.00521740812851714,0.00550048550994845,0.000402882388195148,0.00300686168621755,-1.07385334488585e-05,0.000143979601880958,-0.000104210663745791
"east_of_england","beta1",-7.34279780038793e-06,-0.000692713844647887,-0.00010094765689987,1.99831244275227e-05,0.000157857248981116,-5.07225676796989e-06,8.4300375860288e-06,2.0062864857479e-05,-1.9495546076778e-05,5.59265435877116e-05,-3.42542336229045e-05,-1.05490567367736e-06,4.29370304235391e-06,-8.7475857123124e-06,1.84021252437072e-06,-0.000215186222753941,4.24011880402746e-09,-1.47856312724969e-06,-6.8094785220328e-06,3.22125261439349e-05,-2.54898605775583e-05,7.78827024371884e-06,1.42139840788297e-05,-1.95575794365804e-05,6.19600092142971e-07,1.24865617400743e-06,1.43084193202315e-05,-1.02720669172118e-05,1.34787751601414e-05,3.02472277117351e-06,-1.62210964210884e-06,1.88419164145517e-05,-2.43236608121433e-06,-1.42549858152764e-05,-7.39288538500081e-06,-1.20415131113833e-05,4.36657152503421e-05,-4.59744471114443e-05,1.69117852847142e-05,-1.19326986071986e-05,-0.0006256706140036,0.000618496900229073,-8.04162662416397e-06,0.000135541361561823,7.92993220041398e-07,0.00219326568388004,-0.00116038393253513,0.000277424147247058,-0.000289238393822106,-0.000187922611195866,0.000192967714115319,0.000550313750587442,0.000418196954992446,0.000120317756845731,0.000199105338128938,8.2584317126945e-05,0.000460215843696258,-6.52967320983637e-07,-1.59038927308038e-06,1.04833886176844e-07,2.08711553554814e-06,1.22226476141361e-06,8.68825509673507e-07,-1.91952585389506e-06,3.98645042467404e-07,-1.95152587401118e-06,-3.55652217599403e-06,0.00035349989932886,-0.00129884657082994,-0.000148023775453564,0.000166180692279607,-0.00214766189048715,0.000371063621761442,0.000315781961995337,0.000229011015823458,-0.0014375543049625,7.32867162050779e-05,-2.45639157086827e-06,0.0167450304225303,0.00845193218257992,0.000561570559027099,0.0531193931244383,-0.000137956050380729,8.88225052570527e-05,-0.000167475185246413
"east_of_england","beta10",-5.55767176683744e-06,-6.0833754966204e-05,3.19169580310397e-05,3.93258576713897e-06,-5.07225676796989e-06,9.96869669113473e-06,-9.71955353044404e-06,9.57567255625583e-07,-2.93081318046708e-07,-3.29126244898986e-06,2.79551971623321e-06,-1.46913223499536e-07,-4.81526437516595e-07,-3.18621751262357e-06,4.06762381862355e-06,1.72516072481551e-05,-3.36545394192416e-06,3.11713906740266e-06,-4.33759333003676e-06,-3.15990100103894e-07,-9.62908826576524e-07,2.33827156182639e-06,-4.22094542875104e-06,5.04161098249715e-06,-3.29350346783348e-06,-2.44446828413423e-06,-4.53734995626203e-06,1.63674490587314e-06,-2.48402149335302e-06,9.62917850660297e-07,6.20869899213334e-07,-2.41074562096775e-06,-4.24759368329449e-07,3.49610283769835e-06,2.93486897740935e-06,-4.78694392825218e-06,5.70320203612066e-06,-3.19472766901787e-06,7.93154856873258e-06,-1.6482136088036e-05,4.71032295807941e-05,0.00012559739269541,-0.00013044462410525,-4.3572398202303e-05,-5.29253574722174e-06,0.000216870907346935,8.13884143609908e-05,2.74493363028665e-05,1.76106296164079e-05,3.47778267518601e-05,-8.23493516726266e-07,1.54953717589822e-05,-7.40431382367609e-05,3.51283746480777e-05,-1.776865242404e-05,-1.44151837458467e-05,1.29833642498439e-05,3.01666566470832e-08,-8.60630956796119e-08,-7.26657871446586e-07,-1.28298668884546e-07,-7.62141344762654e-08,7.50085286454055e-08,-7.99367238942145e-08,-2.81387235062983e-07,-9.55162378512068e-08,-6.68559941172044e-07,-0.000139980673656449,0.00025321424721535,-3.0321241495804e-06,-0.000100347591729494,-9.93703209837304e-05,8.45622857093239e-05,4.9308022076174e-05,0.000170167603469639,-0.000162432031111557,-2.30045726025513e-05,1.28654855693925e-07,0.000725977310913888,0.00215146181797637,-0.000311139147412013,-0.00112457692219686,1.05081088600218e-05,-2.50627167241927e-05,1.87351406854225e-05
"east_of_england","beta11",-1.38610566712384e-06,-1.77404837056451e-05,-9.14087420578998e-05,6.59740147380157e-07,8.4300375860288e-06,-9.71955353044404e-06,2.34292910486848e-05,-8.48075510733527e-06,7.35701616640832e-06,-6.55725969653438e-07,-3.97262193625322e-06,6.47735599866515e-07,-2.866498614616e-08,5.33973933917473e-06,-6.51938110735903e-06,-2.23939790978047e-05,3.765308628578e-06,-3.2551908536222e-06,3.19592142876316e-06,3.94992430930407e-06,5.26666758282874e-07,-2.06156262180306e-06,6.14034766986467e-07,-9.5100267499269e-07,2.01524509152416e-06,2.04906495364159e-06,5.68049416991032e-06,-3.76087994061782e-06,3.35605349576724e-06,-5.69433695161688e-07,-2.10366915592851e-06,1.07982236352802e-05,-4.3137130174043e-06,3.18726812045218e-06,-3.53691759255786e-06,6.75156913925961e-06,-7.94025727969363e-06,3.07541298932742e-06,-9.2220410295265e-07,7.7182331308455e-06,0.000197565691073068,-9.94752064065027e-05,0.000137387343587635,6.36384243022165e-05,0.000151526412564852,-0.000286620056497574,-8.83525605269346e-05,6.10770943066742e-05,-3.16628217352631e-05,-4.27709740793918e-05,-8.87329350378612e-07,-3.74161180723855e-05,-7.75732620994367e-07,-3.485702286453e-05,-6.66444102617058e-05,6.6736473236707e-06,5.86650893453038e-05,-6.12309646270864e-08,1.1915455278257e-07,6.8140922189094e-07,-2.03301504044686e-08,1.98611424259804e-07,-2.62276544879175e-07,1.67229652822161e-07,1.59784305388673e-07,2.87167648713283e-07,1.06214808619377e-06,-0.000123885313595941,-0.000303333595933028,-0.000102043643420762,-5.5309231914152e-06,-4.04086016576593e-06,8.46474911037587e-05,-6.40804659797849e-05,-0.000155644325398387,8.01483892548428e-05,7.82190975500414e-05,-1.93134802629669e-08,0.00364342690682984,-0.00408258996293965,-0.000435355618544189,0.00177016052951689,-3.70435179286574e-07,2.20518611761468e-05,-4.77904561034404e-05
"east_of_england","beta12",6.98115524126029e-06,-8.62557091389137e-05,1.30691098380072e-05,2.87536906812976e-06,2.0062864857479e-05,9.57567255625583e-07,-8.48075510733527e-06,9.49388155962532e-06,-8.5138813034032e-06,9.39079483361658e-06,-2.01345117539089e-06,-6.61825166667796e-07,8.45891781130103e-07,-4.36706041904607e-06,3.62178017340269e-06,-2.78436536701632e-05,-1.90842765443082e-06,1.31040902669417e-06,-3.63116562082817e-06,7.57313332449592e-06,-4.51158845226508e-06,1.56209689967624e-06,4.17052414704682e-06,-3.19375815263669e-06,-3.09123229226133e-06,3.83810817697598e-06,2.78254776159958e-07,-1.03412868915485e-06,2.67356034781694e-06,7.16512654183075e-07,1.20569702653432e-06,5.42263629508995e-07,-5.89090348275669e-07,3.01835361585181e-06,2.24389414062645e-07,-4.40491446134776e-06,8.89071185715042e-06,-6.19889587677162e-06,-2.36328827593441e-06,2.06328398769759e-07,-0.000206229988711223,0.000116095283967293,-3.13518059614448e-05,-6.7477008851676e-06,-0.000143345761213812,0.000400175761536148,-0.000150746896709378,6.80830856066426e-06,-3.61599080897378e-05,-2.60974157601603e-05,3.05373969405539e-05,9.82554738061442e-05,6.45154296894669e-05,7.50956372186527e-06,9.46535840036892e-05,1.7338895891088e-05,4.15118762597706e-05,-2.31652078505372e-07,-2.92962815550125e-07,-6.93530741835327e-08,4.1985456404229e-07,2.52171585181365e-07,3.43800020308113e-07,-2.64201650709179e-07,1.72618941557872e-07,-3.83105367830846e-07,-1.12596349930939e-06,0.000160009375873624,-7.98929597690766e-05,5.35686788901061e-05,6.32498828065369e-05,-0.000310363282952669,-1.21583232995878e-05,9.50253102659658e-05,0.000101257172802217,-0.000264798103150022,-2.93235537228595e-05,-5.68060205527019e-07,0.000675004499271889,0.00188699382016802,0.0004008297784911,0.00697521486149202,-2.37246699479399e-05,-6.91111820749335e-06,-2.48499819777422e-05
"east_of_england","beta13",1.92594875503517e-06,0.000174925603499398,-3.98720316326438e-06,2.15815156223733e-06,-1.9495546076778e-05,-2.93081318046708e-07,7.35701616640832e-06,-8.5138813034032e-06,1.10557191926266e-05,-1.24179112236337e-05,5.34947124287536e-06,1.41077952857945e-06,-7.41274925242261e-07,5.60139020207944e-06,-2.59014265242302e-06,2.41392434422117e-05,1.53490768301566e-06,-2.05466853573626e-06,3.63683451592006e-06,-1.10754337858926e-05,6.51302689864514e-06,-3.46680094701342e-06,-4.75155478611343e-06,4.59445744616448e-06,2.04542167488202e-07,-3.13060142101167e-06,-2.21782476728137e-06,1.46859730685041e-06,-3.35409068549339e-06,2.32943807104472e-07,-2.55099580409498e-06,5.25238273976573e-07,-2.73308991621094e-08,-3.25497315456598e-06,4.87058311013783e-07,4.36922278761163e-06,-5.65146950970869e-06,1.85120651050566e-06,8.91752882720338e-06,-4.23102556572623e-06,0.000300708262632928,-7.08860016926778e-05,-4.46918165997227e-06,-2.99554613538686e-05,0.000216734886261406,-0.000471987925038853,0.000192915497185132,-9.23903113233704e-05,3.88734081807717e-05,4.95842611131149e-05,-4.72149477579038e-05,-9.3790496153449e-05,-0.000181849600729826,-4.17535222477639e-05,-0.000168404136953898,-1.27446801897694e-05,-9.64034230588502e-05,5.74206449950287e-08,3.55080631102815e-07,1.35840114785667e-07,-5.9092063816992e-07,-9.27035910748858e-09,-3.11075015623246e-07,4.64492826455333e-07,-1.93180855510226e-07,3.82921847838035e-07,1.02645208815883e-06,-7.47289776824765e-05,0.000128283540571969,-2.69456624470469e-06,-0.000191778952755942,0.00036950962226265,-2.70800827449246e-05,-5.8922358533524e-07,-0.000134490088639918,0.000252737917011292,3.2850220780878e-05,5.59051528396193e-07,-0.000521006908755117,-0.000981431099867106,-0.000421067962301336,-0.00810627149126647,-1.3269295959796e-06,5.69242864234382e-05,1.40035970488862e-05
"east_of_england","beta14",-2.3032110910187e-06,-0.000472626857078973,-1.80149240177859e-05,3.49497839538645e-08,5.59265435877116e-05,-3.29126244898986e-06,-6.55725969653438e-07,9.39079483361658e-06,-1.24179112236337e-05,3.14358240759325e-05,-1.36815337008047e-05,-1.13554626279593e-06,3.14131801934863e-06,-3.38912693531059e-06,3.0467543437693e-06,-0.000103255543245497,2.75253978319084e-06,-8.43270847268569e-07,7.83149667809828e-06,1.33908342865713e-05,-9.32192113944605e-06,6.9591960440503e-06,9.83959553404572e-06,-1.0011051550948e-05,1.09212600527648e-05,3.02236089070035e-06,9.89036013829214e-06,-1.79047387081027e-06,1.19247923442187e-05,1.62288979793464e-06,1.43322998303713e-06,8.90744010457871e-06,1.839946036427e-06,-2.47789938697248e-06,-5.43582572450096e-06,-1.50238654117078e-06,1.06390552685979e-05,-1.1680248888074e-05,-5.84408313228694e-06,6.83576800120537e-06,-0.000414616090778732,0.000101379071946585,7.30910208145785e-05,5.4016725740223e-05,-0.000108772088637776,0.000786274363604522,-0.00043955358242961,5.9840542794697e-05,-0.000164221192112839,-0.000109648085544509,8.79556258427033e-05,0.000227769656695219,0.000326158044733078,7.96470656661351e-05,0.000179988651366528,2.59618103603813e-05,0.000158360560267021,9.91104730971297e-09,-5.11134037526384e-07,2.25388022082517e-07,1.22081007684161e-06,2.78365473584986e-07,4.67184934425954e-07,-7.57058482049479e-07,3.48314149801337e-07,-7.37176058738081e-07,-1.29143666530826e-06,0.000146481809089347,-0.00057777941936967,-8.07156852539652e-05,0.000226159756326712,-0.000950618993303363,0.000140124438144446,5.90276137033691e-06,0.000170220057799954,-0.000567389353385519,-4.78854436362582e-06,-5.40502841630094e-07,0.00284977307466317,0.00165206881562648,0.00114691693998505,0.0192471736880718,-8.68211999686503e-05,-4.51513239397313e-05,-5.32096140673655e-05
"east_of_england","beta15",1.0953615544768e-05,0.000159324857326772,2.0580579915752e-05,2.85307939445799e-06,-3.42542336229045e-05,2.79551971623321e-06,-3.97262193625322e-06,-2.01345117539089e-06,5.34947124287536e-06,-1.36815337008047e-05,1.48545971999636e-05,7.17394830032073e-07,-1.38100810819787e-07,1.78045038180444e-06,5.2457255897314e-06,2.89111365466934e-05,-1.46225945053484e-06,6.92233553987748e-07,4.7056145847527e-06,-1.0536298334958e-05,8.61729044201194e-06,-1.58329394884487e-06,-2.31005765877279e-06,7.31801717934775e-06,-2.46385324842364e-06,3.60154380243645e-06,-5.28379576812171e-06,4.43960361076861e-06,4.29638663133588e-07,1.35787978869572e-06,4.18471514567207e-07,8.49364436524102e-07,-2.68351808629257e-06,1.618574144142e-05,2.38624196360901e-06,3.84357904707695e-06,-8.68677003245813e-06,7.98311366487733e-06,3.17967528311696e-07,-2.38044680243091e-06,0.000258540926487049,-0.000105225310363044,-3.25063781962251e-05,-0.000129963855396254,5.43216877955043e-05,-0.00060626046223187,0.000361877206377329,-0.000203515765467702,4.11877251812969e-05,5.88322825883053e-05,-4.31312229806292e-05,-0.000113563935790396,-0.000256788439303834,-2.0129847977987e-05,-8.01569007628655e-05,-8.50796415388258e-06,-0.000164514360931806,-6.21276544902624e-08,6.0805185409904e-07,1.3968482452807e-07,-4.49092166698024e-07,1.39127206437276e-07,7.70700344855321e-09,8.32163240915108e-07,-1.0509937139179e-07,5.02540324659116e-07,4.31248598265099e-07,1.70877778189527e-05,0.000335168013355955,0.000114486179009132,-0.000275454623181572,0.000449545910862079,-8.25346905589156e-05,7.19835345359832e-05,-4.6468377191323e-05,0.000184387721653605,-2.62125207477651e-05,7.47569165636549e-07,-0.00389475350815823,-0.000842388965438047,-6.0299922589992e-05,-0.0135456893899906,-1.71911737370443e-05,-2.23901775320978e-06,-5.55081780703044e-07
"east_of_england","beta16",-1.37956830152851e-06,2.60351418043673e-05,-1.69169106503113e-06,1.30377770532629e-06,-1.05490567367736e-06,-1.46913223499536e-07,6.47735599866515e-07,-6.61825166667796e-07,1.41077952857945e-06,-1.13554626279593e-06,7.17394830032073e-07,4.03487569845091e-07,3.01024612948358e-08,1.03430708959315e-06,-1.04024539186195e-07,7.16301962560043e-07,4.87739228849805e-07,-1.80523078452253e-07,5.59437799300688e-07,-1.65585442702081e-06,1.0655045082059e-06,-3.88223457589389e-07,-4.09055858747793e-07,6.70382576038236e-07,4.02983286684999e-07,-3.28543069690245e-07,-7.22431650132212e-07,4.20239368758484e-07,-3.3596561227355e-08,-2.61975309686907e-09,-3.1350262772077e-07,2.03022765680061e-07,1.50798126832457e-07,-6.6946799169214e-07,3.89341728646445e-07,1.90096487276485e-07,-1.76505546528334e-07,-1.53419738883826e-07,1.48125244902677e-06,-5.58981206986746e-07,4.64313580599868e-05,-1.23489842284688e-05,-5.0687274451569e-06,-1.03246466892572e-05,2.88623404947788e-05,-7.56715379963322e-05,3.35935629336159e-05,-2.33421152842826e-05,5.97490298913393e-06,1.40001529381214e-05,-9.19782619551041e-06,-9.64466302265695e-06,-3.82264726578941e-05,-6.01300141005207e-06,-3.19383411784854e-05,-1.19229289230079e-06,-2.38940697926193e-05,-1.84069321109805e-08,5.51345227042704e-08,2.84397483092243e-08,-1.03861062189188e-07,6.650244889272e-08,-5.88174182682504e-08,1.08002165951967e-07,-1.91113638209431e-08,5.12859180186277e-08,2.01479789568598e-07,7.40630475234981e-06,4.40084764787341e-05,8.17707856723067e-06,-2.60351281789371e-05,5.57475913972461e-05,-1.50613123446689e-05,1.8475942296057e-05,-2.78999982934213e-05,4.02127962265051e-05,6.49187371751116e-06,2.76479288180793e-08,-0.000475226198199573,0.000180449780235377,1.88705276507371e-05,-0.000826659214388998,-1.06859007191364e-05,1.2653345157606e-05,2.276272564927e-06
"east_of_england","beta17",-2.4934394157222e-06,-7.0731339584746e-05,-1.64610854537693e-06,-7.60755730835749e-07,4.29370304235391e-06,-4.81526437516595e-07,-2.866498614616e-08,8.45891781130103e-07,-7.41274925242261e-07,3.14131801934863e-06,-1.38100810819787e-07,3.01024612948358e-08,1.02549975909266e-06,-3.97655866094652e-07,1.06543892881202e-06,-1.31274520266269e-05,9.62763689349464e-07,1.05730825660621e-06,8.16862627936975e-07,3.26073038257866e-06,-2.0480497470988e-07,1.66900259305273e-06,1.67994737505942e-06,-3.59778605273704e-07,2.35792411950725e-06,2.43125618775696e-06,8.21482703823178e-07,2.73321873041436e-07,2.85985146204105e-06,2.2559367028514e-07,6.74883203629639e-07,2.8969464452498e-06,-9.23565205848241e-08,1.06542256302477e-06,-2.03466839688368e-07,-2.09912789732168e-07,-1.06807860291794e-07,8.58019661909802e-08,-1.7294613786713e-06,1.68482242883076e-06,-2.79455446558422e-05,-2.12595586519343e-05,2.05684627256859e-05,1.33173511376387e-05,-2.12780965175762e-05,5.51901507185859e-05,-2.8962861077438e-05,-5.5957523795241e-07,-2.65176649212725e-05,3.38593581249135e-06,4.32294577507412e-06,2.33355839715331e-05,2.03919940679741e-05,-1.79321632612195e-05,1.34223509296217e-05,-4.41744625879902e-06,5.24726679512332e-06,-1.04036639329033e-08,-7.68651248889386e-08,3.00319323099901e-08,6.89546812218118e-08,1.22202041878263e-07,-1.10644883970615e-08,4.14201444778951e-08,8.97693155319775e-08,-2.2964521237326e-08,2.76829507885519e-08,2.74204696531644e-06,-4.14934928966616e-05,9.47588602430475e-09,4.42635848208915e-05,-8.72610223223046e-05,2.66237119577607e-05,2.96940843447443e-06,6.08170023087973e-05,-6.95477225168744e-05,8.71529703053424e-06,6.11950691971153e-08,-0.000980214032170139,-0.000324103873804862,8.82628881032678e-05,0.00118192566111913,-3.30256012052306e-05,-2.37807035938266e-05,-2.09755762462084e-07
"east_of_england","beta18",-6.57564921213007e-07,0.00011715805173696,-3.3510980785294e-06,-6.94044715882801e-08,-8.7475857123124e-06,-3.18621751262357e-06,5.33973933917473e-06,-4.36706041904607e-06,5.60139020207944e-06,-3.38912693531059e-06,1.78045038180444e-06,1.03430708959315e-06,-3.97655866094652e-07,6.4683054907497e-06,-3.33402897342124e-06,2.56422420042367e-06,3.43380820352319e-06,-4.48566154990226e-06,9.48118866983556e-06,-1.07857342931947e-05,5.00709079045973e-06,-3.08192070101305e-06,-1.28645161270285e-06,2.63543296284721e-07,4.89003984213263e-06,-3.13096570656149e-06,4.58360142009924e-07,8.76751221084052e-07,-4.10464867241696e-07,6.68398526979418e-08,-2.88306821269442e-06,3.92221284656184e-07,1.74222041125107e-06,-6.37191887455723e-06,-1.13662837073519e-06,4.70869092441232e-06,-4.07855212990228e-06,3.28862754451778e-07,3.89208486117187e-06,3.87963633939078e-06,0.000152230914410405,-9.8845989143396e-05,6.30357663213746e-05,-3.1011682332392e-05,0.000133759860339921,-0.000452166319053758,0.000148330035844785,-0.000130520437713225,2.36500024665006e-05,1.32137064737751e-05,-3.36079881934356e-05,-6.42452595864593e-05,-6.18891374756413e-05,-1.66299436988878e-05,-0.000108324117343452,-1.95534963768788e-07,-0.000147294364403809,7.4231730757174e-08,3.14238467752343e-07,2.94370805414789e-07,-2.91353040246963e-07,-7.29060332388358e-08,-2.62865220688326e-07,3.51465372262309e-07,1.23749789111448e-08,2.3852486985574e-07,9.67419753457316e-07,1.11733304914416e-05,-6.16655469864305e-06,1.44936984008141e-05,-4.91710928969382e-05,0.000297238843385019,-9.3749396689999e-05,-3.22516214093466e-05,-0.000177025887569835,0.000266817733691731,2.00842816323264e-05,4.40996485640079e-07,-0.00142727765848038,-0.00117101481224429,0.000473989656088518,-0.00443171038521329,-1.23097283117934e-05,5.5385404697682e-05,1.25728457636512e-05
"east_of_england","beta19",3.59666736056303e-06,-0.000146548759333104,4.73740139691894e-06,4.52776456389538e-06,1.84021252437072e-06,4.06762381862355e-06,-6.51938110735903e-06,3.62178017340269e-06,-2.59014265242302e-06,3.0467543437693e-06,5.2457255897314e-06,-1.04024539186195e-07,1.06543892881202e-06,-3.33402897342124e-06,9.06972737216712e-06,-1.90575678042382e-05,-3.36380728539591e-06,2.8264945903393e-06,1.7510800776611e-06,-6.06668508635452e-07,5.56438464305736e-07,3.34895752054669e-06,1.52376638043302e-06,1.92905731669814e-06,3.07383729310184e-09,2.62895874208776e-06,-2.27666992037614e-06,3.35619369551119e-06,4.32905203314912e-06,1.51445426302089e-06,2.51190748160759e-06,2.75381743248123e-06,-2.67784505670833e-06,1.71331711921324e-05,1.17756420120359e-06,-3.68024265868873e-07,3.0205127309068e-07,2.58542064380924e-07,-9.78446795796015e-07,-5.48221481638467e-06,2.41290952691465e-05,4.59151507615761e-05,-6.88611751904832e-05,-0.000101426488138312,-2.2116411847755e-05,8.81179449239027e-05,8.72766627332097e-05,-0.000107460196922326,-3.64842463153324e-05,-1.59483603696929e-06,2.23335546714115e-05,3.52690387916312e-05,-9.00840193344886e-05,5.73516461607907e-05,5.46175488002364e-05,4.46489022399209e-06,-6.71244979652609e-06,-6.86360661179678e-08,2.40012242938633e-07,9.60946781877424e-09,2.2926314311051e-07,3.30555711844235e-07,3.23370600640994e-07,1.96641549467186e-07,-1.57148036791654e-07,-1.56204282976945e-08,-7.56987800146662e-07,8.60667674228465e-05,0.000102909944546292,5.51046695382381e-05,-0.000203792732360129,-0.000206317637926416,5.60231089617648e-05,0.000116580467006038,0.000114262548040208,-0.000232511668524623,-4.159074029647e-05,1.02011823522847e-07,-0.000663815113083828,0.00230819364687471,1.95156703430465e-05,-0.000263525543952475,-4.41113121213602e-05,-2.47139081399152e-05,-3.2640850491854e-05
"east_of_england","beta2",-5.40281395068832e-05,0.00171159583453989,0.000173919998827027,-4.17681048321155e-05,-0.000215186222753941,1.72516072481551e-05,-2.23939790978047e-05,-2.78436536701632e-05,2.41392434422117e-05,-0.000103255543245497,2.89111365466934e-05,7.16301962560043e-07,-1.31274520266269e-05,2.56422420042367e-06,-1.90575678042382e-05,0.000537106634394211,-8.06315998051094e-06,1.11201547283958e-05,-5.0858146483823e-05,-1.89326139201803e-05,1.77535179199637e-05,-1.52903537132051e-05,-3.82929740262615e-05,2.87553046142163e-05,-3.15673700727813e-05,-2.12603818972294e-05,-4.46088292678048e-05,3.60034703291334e-06,-5.40862591219421e-05,-1.03828546562194e-05,8.3234428993798e-08,-5.94449300597292e-05,6.54938279183087e-06,-2.6440149155108e-05,2.67734272476495e-05,-1.34024112387359e-05,-3.29636067454263e-05,5.24887545924584e-05,-6.32839299885722e-06,-6.83483400662602e-06,0.000851201181462725,-0.000384490175963763,-0.000146664576578133,9.9914018940614e-05,-0.000399937382459373,-0.00198578567427805,0.00157801245896065,0.000287666573796875,0.000785127690157352,0.000368673619414832,-0.000313206465346382,-0.000792963001467248,-0.000437182232213429,-0.00041917379093556,-0.000263547458772229,-0.000173314957291681,-0.000557112041638028,7.16947936925836e-07,-3.62884247267671e-07,-2.71472240156532e-06,-4.66823743158887e-06,-3.44512471663066e-06,-2.79525062258619e-06,9.83076314524571e-07,-1.27014906558727e-06,2.26521232987417e-06,3.55723114846434e-06,-0.000852035605715833,0.00219322719145153,0.000322279287092953,0.000458825362249907,0.00348254106904375,-0.000571377992161077,-0.000500505284250943,-5.64833339272993e-05,0.00241210459431034,-7.21374686444051e-05,2.72299102468465e-06,-0.0188596145473225,-0.00234245946722669,-0.00403712012246501,-0.0622070742530095,0.000441879161943664,-7.35422156382796e-05,0.000391178650419389
"east_of_england","beta20",-1.04987506851165e-05,1.75297144601552e-05,-2.55091618850358e-06,-2.41964022620656e-06,4.24011880402746e-09,-3.36545394192416e-06,3.765308628578e-06,-1.90842765443082e-06,1.53490768301566e-06,2.75253978319084e-06,-1.46225945053484e-06,4.87739228849805e-07,9.62763689349464e-07,3.43380820352319e-06,-3.36380728539591e-06,-8.06315998051094e-06,5.2813426084028e-06,-1.26861768780374e-06,5.68211097183677e-06,3.40673071413563e-07,1.9090362349848e-06,9.01426766681411e-07,1.21586002098156e-06,-5.04069485133203e-08,6.72061845074302e-06,1.30754345371368e-06,2.0265630534445e-06,4.54156592894155e-07,3.17346739547408e-06,-1.04256527557906e-07,-5.46890661812934e-07,2.77933121630741e-06,2.30054273221268e-06,-6.86644734928513e-06,-9.66920677855666e-07,1.5898325786941e-06,-2.90895648123527e-06,2.18155056861753e-06,-3.01156774150964e-06,7.5225908444287e-06,4.23528744522777e-06,-0.00012240319166603,9.24329575954318e-05,4.48272922446725e-05,1.29439818662959e-05,-0.000193376816235303,6.47430565699805e-06,3.33266543739809e-06,-9.05934915779274e-06,2.57733478357682e-05,-1.61109368061969e-05,-1.27901248798779e-05,2.91980746846001e-05,-3.59636638192943e-05,-4.7081591348849e-05,-9.40103901631874e-06,-3.2396219475173e-05,8.64796563947103e-08,-1.1554526495135e-07,1.22717137607658e-07,-9.19387934065571e-08,-6.36930073109804e-08,-2.75710017689308e-07,1.65538287171866e-07,2.20113122739465e-07,1.05848049639434e-07,8.60817645384279e-07,-6.79287759573494e-05,-0.000106402893955801,-1.49958884133905e-05,0.000162500970304262,9.37196912246046e-05,-2.51733373836326e-05,-5.45726904929475e-05,-4.07167523522637e-05,0.000114651259226773,3.98899937645355e-05,3.79531679888038e-07,-0.00267352344581817,-0.00149500941614255,0.000450893861369703,-0.000630241823779491,-3.70958738062856e-05,-2.40728347085602e-05,2.23263623419385e-05
"east_of_england","beta21",-1.30326024478265e-05,-0.000129566918800857,8.52350559588816e-06,-3.18014255228678e-06,-1.47856312724969e-06,3.11713906740266e-06,-3.2551908536222e-06,1.31040902669417e-06,-2.05466853573626e-06,-8.43270847268569e-07,6.92233553987748e-07,-1.80523078452253e-07,1.05730825660621e-06,-4.48566154990226e-06,2.8264945903393e-06,1.11201547283958e-05,-1.26861768780374e-06,8.28202938641318e-06,-1.03236963152806e-05,1.41973895041245e-05,-1.82656395963994e-06,5.15814543957179e-06,2.63471873609115e-07,4.0140383291531e-06,-7.25730480775029e-07,6.6715136959214e-06,-2.18849103650913e-06,2.70865274962135e-08,2.9836597706917e-06,-1.60007831743103e-07,3.50205210603129e-06,3.46082556868157e-06,-1.11530930097781e-06,5.38054399056428e-06,3.04343431765782e-06,-5.52132601343533e-06,1.5979099583367e-08,4.79269939876584e-06,-5.11949318848328e-06,-2.50805773786991e-06,-3.40864363724112e-05,-1.74337380319998e-05,-4.14632308519519e-05,4.36711680103704e-05,-0.000151198560644917,0.00024233567575112,-3.8557572906605e-05,0.000135681874049565,-2.06716725879558e-06,4.97253588548756e-05,-4.71324716359929e-06,6.07828804899399e-06,2.46583656453155e-06,-4.43598637011463e-05,5.31079385478417e-05,-2.63324974436257e-05,8.26149576792331e-05,-7.72131774496423e-08,-3.7093753035015e-07,-5.38934337237452e-07,-1.21662955103022e-07,2.48265376777216e-07,-1.5571957644135e-07,2.55660104515985e-08,3.9878966344833e-08,1.56319438798531e-08,-3.31015128145729e-08,-0.000174117374267563,0.000240493107053475,-4.10202122189614e-06,0.000138561809382826,-3.79892112025055e-05,0.00010078853304588,-9.58139329246267e-06,0.000230815534848843,-0.000106706957615622,9.98300672783681e-06,-4.26669836711934e-08,-0.0019707285647556,-0.00162012527468153,-0.000679806616584161,0.000444588894647844,-2.27307249592419e-05,-0.000125504077480722,2.09764345897388e-05
"east_of_england","beta22",9.33714220454332e-06,-2.99766998930283e-05,1.70252989555204e-05,8.92736992528506e-08,-6.8094785220328e-06,-4.33759333003676e-06,3.19592142876316e-06,-3.63116562082817e-06,3.63683451592006e-06,7.83149667809828e-06,4.7056145847527e-06,5.59437799300688e-07,8.16862627936975e-07,9.48118866983556e-06,1.7510800776611e-06,-5.0858146483823e-05,5.68211097183677e-06,-1.03236963152806e-05,3.50555506984535e-05,-2.82677758309668e-05,9.79617042917959e-06,-1.27112148651325e-06,2.6963878989051e-06,-2.34864191505245e-06,1.75344734357607e-05,-5.32052897853988e-06,6.46608858219556e-06,6.25621847573338e-06,7.09771953908924e-06,3.16358777426242e-06,-3.30072218532752e-06,3.27198063603152e-06,5.1977102819219e-06,-1.32275639403753e-06,-6.57649696647425e-06,1.39056940989293e-05,-9.21816444389509e-06,-4.70063943865631e-07,1.85180627227361e-06,9.95724461082341e-06,8.53807395801896e-05,-0.000190933453776714,0.000138867420009643,-0.000165655914696709,0.000254013166864159,-0.000687025526562385,0.000240981308025303,-0.000386216779276601,-5.19604711073341e-05,-4.45976417973256e-05,2.65223431164444e-06,-5.09444397971674e-05,-3.05857149298643e-05,0.000123360363461566,-6.45944139926711e-05,2.63140566601249e-05,-0.00025364987574569,4.05686165747769e-07,9.42638432550228e-07,8.59011320423233e-07,3.64081817398822e-07,-2.74478766599402e-07,1.39777440542299e-07,5.29127461745934e-07,3.70280708956621e-08,2.07075814737528e-07,7.64222321273627e-07,0.000150285514143094,-0.000317233667707992,2.64853415874291e-05,-0.000251799598041769,0.000129763530560736,-0.000107384546640295,-5.96627492214737e-05,-0.000307340994936642,0.000176345856310129,-2.4006154227613e-05,1.40634771833057e-06,-0.00238631833627354,-0.00129532055427541,0.00173848980668303,-0.00549149834989289,-4.94661711739453e-05,5.16550385052357e-05,-2.45446992376503e-05
"east_of_england","beta23",-1.80585731606765e-05,-0.00051855739842104,-4.44692121602396e-05,-1.22394018105991e-05,3.22125261439349e-05,-3.15990100103894e-07,3.94992430930407e-06,7.57313332449592e-06,-1.10754337858926e-05,1.33908342865713e-05,-1.0536298334958e-05,-1.65585442702081e-06,3.26073038257866e-06,-1.07857342931947e-05,-6.06668508635452e-07,-1.89326139201803e-05,3.40673071413563e-07,1.41973895041245e-05,-2.82677758309668e-05,6.39914251368497e-05,-1.74394297995639e-05,1.2705614416127e-05,5.70905141401888e-06,1.68477376525804e-06,-4.89763130396891e-06,2.28487788940308e-05,3.65274736730949e-06,-1.06684178145724e-05,1.27629401766121e-05,-7.2124706807671e-07,5.68938301146442e-06,2.17737892848159e-05,-9.10042981145978e-06,1.42728309246907e-05,2.05097788819707e-06,-1.33722888933062e-05,7.15526866122869e-06,4.33958040507471e-06,-2.03148602915834e-05,5.53893085185577e-06,-0.000184758261232337,8.8345599808541e-05,8.40449030621856e-05,0.000294162826781482,-0.000527381973599324,0.00102395303083135,-0.00047884918296786,0.0005047109386571,-8.59368513117414e-05,-4.03475450538222e-05,2.45442916302829e-05,0.000143931219439926,0.000257481184010193,-0.000278981769770946,0.000233085273894805,-4.77772627890463e-05,0.000289429134923721,-5.39866226955968e-07,-1.93554061402745e-06,-1.00001294673144e-06,3.40090589677774e-07,4.10227797305482e-07,-3.12078875403041e-07,-5.8327622489392e-07,7.30227786186985e-07,-3.31364087573448e-07,-1.17406746281213e-06,-0.000535471924828113,-6.81771400234066e-05,-0.000108091156235969,0.000770024862570081,-0.000715409951108645,0.000387947242928097,-9.80774874408466e-05,0.00077065876122178,-0.000645135192645099,7.74461761645014e-05,-6.13975882213365e-07,0.00136440755511167,-0.0067480093587596,-0.00146796685698662,0.0144935859789323,-5.91554652246649e-05,-0.000288100810483112,-2.13443099202261e-05
"east_of_england","beta24",4.96063067400391e-06,0.000190354120592456,2.09450117478656e-05,3.49656597534286e-07,-2.54898605775583e-05,-9.62908826576524e-07,5.26666758282874e-07,-4.51158845226508e-06,6.51302689864514e-06,-9.32192113944605e-06,8.61729044201194e-06,1.0655045082059e-06,-2.0480497470988e-07,5.00709079045973e-06,5.56438464305736e-07,1.77535179199637e-05,1.9090362349848e-06,-1.82656395963994e-06,9.79617042917959e-06,-1.74394297995639e-05,1.00023322869762e-05,-3.08924582841929e-06,-1.40486155337673e-06,3.40078360955231e-06,3.95211588906825e-06,-1.1795038209241e-06,-2.00234387590334e-06,4.50490953760361e-06,-8.59366161788293e-07,7.34862865850318e-07,-1.08816359295983e-06,-2.09439011641977e-06,1.92176754899754e-06,5.39695580306472e-08,3.0598875744637e-07,5.55991998697506e-06,-8.18600949171108e-06,5.14580147019053e-06,2.28007126210555e-06,2.73630905648762e-06,0.000176199041993429,-0.000164076563356583,1.31449912058334e-05,-9.03674914696308e-05,0.000139311063100346,-0.000627515553719255,0.000265581170182511,-0.00019640249912416,3.81385823648604e-05,6.31970995292007e-05,-4.36828045443022e-05,-0.000110734497187225,-0.000170211981318737,1.29542398010668e-05,-0.000114612852813032,-4.17632781875092e-06,-0.000157457513613311,9.2009989469124e-08,5.99295201246066e-07,3.22092712531991e-07,-4.13828471933969e-07,3.15117708301627e-08,-1.67736070155679e-07,6.16549916438751e-07,-8.08809238518136e-08,3.79673196934647e-07,1.07252772656315e-06,6.57359349121253e-05,0.000201316875245914,6.24177315126651e-05,-0.000183517033889054,0.000517491070987809,-0.000136480787304275,2.56612013061721e-06,-0.000199188040064183,0.000331115400061209,-1.37505065310354e-06,6.47814345913383e-07,-0.00398434611706365,-0.00113837542206989,0.000339278428035915,-0.0105903103273057,-1.43204033524612e-05,2.23942747751402e-05,2.6282584636996e-05
