"region","name","alpha_admission","alpha_D","alpha_death_hosp","alpha_H","beta1","beta10","beta11","beta12","beta13","beta14","beta15","beta16","beta17","beta18","beta19","beta2","beta20","beta21","beta22","beta23","beta24","beta25","beta26","beta27","beta28","beta29","beta3","beta30","beta31","beta32","beta33","beta34","beta35","beta36","beta4","beta5","beta6","beta7","beta8","beta9","mu_D","mu_D_2","mu_D_3","mu_D_4","mu_D_5","mu_gamma_H","mu_gamma_H_2","mu_gamma_H_3","mu_gamma_H_4","p_G_D","p_G_D_2","p_H","p_H_2","p_H_D","p_ICU","p_ICU_2","p_ICU_D","p_NC_15_24","p_NC_25_49","p_NC_50_64","p_NC_65_79","p_NC_80_plus","p_NC_weekend_15_24","p_NC_weekend_25_49","p_NC_weekend_50_64","p_NC_weekend_65_79","p_NC_weekend_80_plus","p_W_D","rel_p_D_alpha","rel_p_D_delta","rel_p_D_omicron","rel_p_H_alpha","rel_p_H_delta","rel_p_H_omicron","rel_p_ICU_alpha","rel_p_ICU_delta","rel_p_ICU_omicron","rho_pillar2_tests","seed_date_alpha","seed_date_delta","seed_date_omicron","start_date","ta_alpha","ta_delta","ta_omicron"
"east_of_england","alpha_admission",0.000317390177519038,-0.000938170151511939,-1.23017354082487e-05,2.7058018736632e-05,-2.03155294145159e-05,-3.12197290842751e-05,2.76395774631522e-05,-1.07209741961312e-05,1.11769578641115e-05,-7.53605378157289e-06,1.27780339141221e-05,-1.97119488898649e-06,-1.01026376620341e-05,1.88806532758053e-05,2.7127236650576e-06,1.10020775680283e-05,-1.36065639626417e-05,-2.69978225729714e-06,-5.67973083894377e-05,3.51778981467334e-05,-1.34025947324223e-05,-1.35881894003495e-05,-5.14911117868873e-06,-2.04724588791029e-05,1.09538838924724e-06,-1.3428135755747e-05,4.42010509212782e-06,-2.20878782787974e-05,-1.67983671437988e-06,-9.61467253301666e-06,-9.38781672706121e-06,-2.68314478373767e-05,2.77266956031372e-05,-5.64154731966858e-05,-1.9419996047738e-06,-8.83847626236233e-06,1.03743956793259e-05,-4.81518324086241e-06,-7.85692379780445e-06,3.55127766631472e-05,0.000283877645792628,9.09013512394934e-05,-0.000332623901503622,0.00096152214418789,-5.10237854452079e-05,5.40948855811221e-05,0.000357961361239713,-0.000310877212776043,0.000221035905919324,0.000302371602890139,3.21481625274715e-05,2.3176330627594e-05,-0.000434196136426599,0.000172626558569301,8.54685919076664e-05,2.52379022406926e-05,-0.0011320034734471,1.48155147865968e-06,-7.86330661548124e-07,3.86479819438446e-06,2.09516137786752e-06,2.81622230364676e-07,3.84901033904141e-07,-7.44113703285745e-07,3.55453462504217e-07,8.16961432713689e-07,-1.72999904981253e-06,-0.000304583241675773,8.95029159368338e-05,-0.000766186362948782,0.000333895262739642,-0.000290757829031907,-0.000140276595652452,0.000783011366058822,-0.000569248874325192,0.000267779418753455,-4.77739130575418e-05,2.52398945696966e-06,0.0166046014446193,0.0107121500879181,0.00147517801663501,-0.00538856912659827,0.000179881917330319,0.000348827344980555,-0.000105950555201025
"east_of_england","alpha_D",-0.000938170151511939,0.0307422696101704,0.000594437439082431,9.31645045072613e-06,-0.000298918385124006,0.000481622760321961,-0.000141596142241849,-2.86392963860176e-05,-3.27855465125678e-05,-0.00028192140015046,9.72655561131725e-05,6.20632819819193e-06,8.19131376997503e-05,-0.000301967211550699,0.000145990278844641,0.000753268731039202,-9.09456020978607e-05,0.000131734282063343,0.000176102808408398,-0.000506449438287268,0.000154811528728842,-0.000207134196434626,-1.38108549418667e-05,0.000175481272197915,-0.000370963804375101,-0.000188778793724957,6.00449384608529e-05,7.76056440407307e-05,-0.000271310216474856,4.1076706452697e-05,-0.000124340735973012,4.60812581360638e-05,6.72452314608386e-06,-0.000118161754276779,1.03092531558885e-05,-0.000131794825328068,0.000504657409228006,-0.000337590128120246,0.000366488314621493,-0.000724831967073854,0.000477037720251718,0.00592107820076493,-0.000607406637512569,-0.00422429869841362,0.00378551312542666,-0.00908777981863431,0.00511323257940308,0.00169304528817663,-0.00189767152807354,-0.00372846530427195,-5.1970658914145e-05,-0.00267899355500424,-0.00152495804925007,-0.00572825151014049,0.000136319996987116,6.09234368098332e-05,0.0166991010727698,-1.77649320165387e-05,1.3129961129322e-05,-5.18749383179303e-05,-3.52290095518421e-06,1.06290484886898e-05,-2.10366659939355e-05,-2.73545423413657e-06,5.94579395244915e-07,-5.04705580080361e-06,4.59333053726368e-05,-0.00637551166085839,-0.00555448709705724,0.00289706688814389,0.00981749356283222,0.0244866840540777,-0.00193295984712831,-0.0100558432196948,0.00501908122716662,-0.00464486195581968,0.000930966594658703,-6.2296824844491e-05,-0.179905839918232,0.354057664323505,-0.0170246508619276,-0.0800633712730414,-0.00147449890391893,0.00181904712645994,0.00296849715544904
"east_of_england","alpha_death_hosp",-1.23017354082487e-05,0.000594437439082431,0.00132608854099048,0.000112006193336517,3.4577957292179e-05,4.79027480577678e-05,-0.0001045663519685,5.66857987131992e-05,-1.30430847605763e-05,4.87697022178692e-06,-2.90446523209413e-05,1.01053258369238e-05,-6.45304853338784e-06,-3.96729503955777e-06,-8.21095779555864e-06,-0.000263249153093614,-1.79859629519665e-05,9.74654069147082e-06,-0.000117283565478294,0.000130756344881886,-2.17355405839546e-05,-2.03012953118867e-05,2.39479306548126e-06,-2.39341376551326e-05,-1.9804431807564e-05,-1.71270903953819e-05,3.25396677350448e-05,-3.05264227888876e-05,-8.30405885588665e-06,-4.59611708763396e-06,-3.23829597715938e-05,8.04625712855598e-05,-4.44823792577205e-05,7.9622169770161e-05,-2.20583349450553e-06,-1.14225579589862e-05,1.99412270311238e-05,2.54280722179628e-05,-7.19499383301714e-05,1.90692496370902e-06,0.000632286233232834,0.000410489219676468,-0.000267757055402822,0.000419993712978279,2.21621411177538e-05,-0.00176263058623597,0.00212464983765443,0.000655169150224614,-0.0011261054727841,0.000307055691348171,-9.72699261696087e-05,-0.000282235525359162,0.000813146253499145,-0.00139145900816266,0.00051374520665715,8.33411717926677e-06,0.00127407305235921,-1.1094919177742e-07,3.89156548754212e-06,4.65047185449403e-08,5.06279729427775e-06,2.1029436619284e-06,-1.36928014744194e-06,-6.18449708255382e-06,-4.1220211604657e-06,8.97582692920393e-07,1.60995670518708e-05,0.000296900538612952,-0.000978519172808652,0.000561504294833341,0.0021987867201164,0.00265889855320137,-0.000641694879602214,-0.0019290298039651,-0.000840161479751783,0.00133381852518827,0.000100385672557964,-4.51411774294687e-06,-0.00582411853095794,0.0295552298797779,-0.0107865489795459,0.000989294928565904,2.04806971591431e-05,0.000627016783348637,-0.000476275214369718
"east_of_england","alpha_H",2.7058018736632e-05,9.31645045072613e-06,0.000112006193336517,3.69894629797722e-05,5.69615940038325e-06,2.43241296589664e-06,-1.66516824804909e-05,1.07947066570342e-05,6.80916215337035e-07,1.42134715450873e-06,-3.31319719288645e-06,4.98397029994089e-07,-2.94055558111303e-07,-4.21475824373535e-06,6.87846129154161e-07,-9.02252276443077e-06,-4.05667551703685e-06,-6.51924501362143e-07,-2.53282557739991e-05,1.62254148950491e-05,-7.54086299955334e-06,-5.03061800958412e-06,-5.80083562231769e-07,-7.91550236434617e-06,-4.50114731231116e-06,-5.58957186923934e-06,1.88318623733756e-06,-8.31257445951448e-06,-2.43863927805803e-06,-3.52790818876768e-06,-3.88244637185223e-06,7.63086933909222e-06,1.20124495173646e-06,-7.64597619124452e-06,3.4670790124111e-07,-2.66672312696304e-06,3.92573470407253e-06,1.51992891944987e-06,-5.6767428756157e-06,3.42955904491995e-06,3.30741184317163e-05,0.000117367054440523,-9.75850207572872e-05,0.000122297488951012,-3.70989368312884e-05,-5.10003015292215e-05,0.000274584654328205,0.000275728665658838,-0.000146196808176612,3.77668284586107e-05,-3.89277701609108e-05,-8.28864506115272e-05,7.20399627510971e-05,-0.000166800138056104,7.99810603806728e-05,4.45039400151613e-05,-0.000133018884693931,2.47714084257833e-07,9.57368470027449e-07,4.24262797699754e-07,4.91642193949694e-07,4.2584440226716e-07,3.74284481688722e-08,-9.17468087944815e-07,-5.70792861884193e-07,9.26793752254789e-07,1.38507440599382e-06,0.000139419342911642,-3.18116709344407e-06,-3.85497054748271e-05,0.000433943900060923,-8.44339917192842e-05,0.000180430803950195,-0.000205282265804855,-0.000418706361034146,2.39031746549087e-05,2.21820230065944e-05,-2.5164835037837e-06,0.00274681741649142,0.0107400274839906,-0.00168913652493825,0.00125832740807829,3.45403254092717e-05,0.00022934167055142,-0.000149177779970964
"east_of_england","beta1",-2.03155294145159e-05,-0.000298918385124006,3.4577957292179e-05,5.69615940038325e-06,5.03141816941584e-05,-1.05000809160332e-05,-4.18823254338573e-06,7.12824904599548e-06,-1.05311750754865e-06,1.28206567385889e-05,-1.02290690427059e-05,4.83571747403899e-06,2.76377863661957e-06,5.04765810611936e-06,-9.54725418722421e-07,-9.00099527176552e-05,1.23826142835361e-05,-8.02132377430021e-07,2.65830737372762e-05,1.54025970973795e-05,1.36052164500004e-06,1.60897100423517e-05,-5.37200673423076e-07,1.36540764165911e-05,1.65219288562725e-05,1.62289485117774e-05,-1.4325942276006e-06,7.82661135937819e-06,1.86084272287302e-05,1.56153055055605e-06,8.54481956636028e-06,9.1089480666093e-06,-4.84923936483292e-06,3.11858843614107e-05,6.28038116696385e-07,4.03997919577721e-06,-1.84301425989145e-05,2.1208404060132e-05,-1.58755112281886e-05,1.71273186956483e-05,-0.000375718247701679,-0.00037862747821076,-7.91820399811885e-06,1.63325029009834e-05,3.96613535910497e-05,-8.27378489676552e-05,-0.000182340087802555,-6.23723623867183e-05,-0.000152393095746006,0.000165781961664673,-5.56770473360614e-05,-7.08606936205897e-05,0.000224638710278414,0.000177643812443718,4.48348487913178e-05,5.78695127677686e-05,-0.00017722550774995,-2.43312193282016e-07,-8.58602111695952e-07,1.13163971346162e-06,-3.37253260067799e-07,1.8903302645825e-06,4.08642508799554e-07,-2.67941880535744e-08,-3.3015887774338e-07,3.70667918413919e-07,4.5239947261915e-07,0.000320966879362594,0.000613495975094944,-3.31573060892569e-05,-0.000300416199809394,6.88964335927159e-05,4.25878784272862e-05,-0.000156189198030099,-0.000463663805250114,3.69511425439036e-05,7.26882086509125e-05,-1.98654892222219e-06,-0.00796014523014655,-0.00909193173478451,0.000462298080372098,0.010810285838836,-0.000130519183536363,-0.000238639257747607,-2.30724559267554e-05
"east_of_england","beta10",-3.12197290842751e-05,0.000481622760321961,4.79027480577678e-05,2.43241296589664e-06,-1.05000809160332e-05,2.72260854748854e-05,-2.9543212372507e-05,6.1948618244858e-06,-4.47654290814402e-06,-1.92807993572221e-08,1.53073289968909e-07,1.00208817499424e-06,3.18055273957798e-06,-8.86294082473892e-06,7.99797523894176e-06,1.96271856837047e-05,-9.02049492737202e-06,5.93086091969241e-06,-5.23219830496803e-06,-7.32331901572249e-06,-1.17077222182323e-06,-2.4628758195221e-06,-4.28992341368519e-06,1.16501186720086e-06,-7.26850698149795e-06,-1.14437433233181e-05,1.90209168049054e-07,6.08563339484172e-06,-1.46024156785018e-05,-2.42420941534254e-06,-6.02494832708502e-06,5.41008921925681e-06,-9.62743197045879e-06,8.49742405190608e-07,2.64462609363657e-07,1.20979359676115e-06,3.13428529046207e-06,-5.77735251975723e-06,1.32651474239296e-05,-2.91138586277899e-05,-0.000128435226090816,3.03644968686346e-05,5.99397282156417e-05,-0.000130765600345516,4.63577728718409e-05,-0.000138751543828638,0.000106576250942332,-1.93502231291838e-05,-9.79094866337976e-05,-0.000132620302410657,1.09137681349893e-06,-3.97007545334467e-05,1.81442238080811e-05,-0.00012811942331301,-1.37305080772815e-05,-5.00432848097293e-06,0.000151033275360996,-3.52897539532609e-07,6.10736454953742e-07,-1.56292004085823e-06,-4.46406731816424e-07,-4.53161394171853e-07,-2.75254381463482e-07,-2.02470809787506e-07,-2.51310175973706e-07,-3.40112403111776e-07,6.88908184432632e-07,-0.000172265197841593,-0.000379303986922574,9.45429566207065e-05,0.000272508702372813,0.000588187930916266,-1.94503736343405e-05,-0.00027456505978832,0.000106110570999105,-3.197169131307e-05,2.48019876961367e-05,-1.78348805742817e-06,-0.0103407024329494,0.00941632035092426,-0.00118836239053679,-0.00282302061471438,-0.000106598270846821,0.000175279089247596,0.000120745117790287
"east_of_england","beta11",2.76395774631522e-05,-0.000141596142241849,-0.0001045663519685,-1.66516824804909e-05,-4.18823254338573e-06,-2.9543212372507e-05,5.42042204562363e-05,-1.93986939172479e-05,8.49441804333268e-06,-1.27319010474733e-05,6.74263316143802e-06,-3.73831585616522e-06,-4.05464311495498e-06,8.24451888540254e-06,-1.09344266065339e-05,2.29661199965416e-06,9.72279695348585e-06,-6.33628329904335e-06,1.0082260751006e-05,-5.79936514691829e-06,6.02889671220314e-06,-3.66586868265792e-06,7.0440017938008e-06,-2.02892594519313e-07,8.8178495768497e-07,9.47184208107815e-06,5.39582282850499e-07,-8.25230228906821e-06,1.18781991300834e-05,8.30896190386497e-06,5.50948445630112e-06,-9.53686013409729e-06,1.59575865205426e-05,-1.23208024788487e-05,-4.99747950658901e-07,-4.94699326941587e-06,1.01872851283679e-05,-4.46528692065365e-06,-6.71484080291772e-06,2.24196671896413e-05,0.000328504627827871,0.000154685459417739,-9.05837967048689e-05,5.6611502637881e-05,3.15074284754622e-05,8.5166036734024e-06,-4.86302576187371e-05,-1.6273312279065e-05,0.00018694894691098,8.38791117820318e-05,3.11595405433386e-05,6.49005855704843e-05,-9.80284606503209e-05,6.15226240785379e-05,-1.77860700000172e-05,-2.13354805324147e-05,0.000330517753105865,2.09855874424095e-07,-8.05666353015993e-07,9.61845433792685e-07,5.41333529649482e-07,4.38519948759355e-07,-1.22349534823202e-07,1.45118174745154e-07,5.89386569737017e-07,-1.46817513371157e-07,-5.8490375752421e-07,-0.000168070540558471,0.000430011769908152,-5.78826889725253e-05,-0.000401635036806622,-0.000385469011441908,-0.000150822151695354,0.000306403015676331,0.000251291394502796,-1.04158751835557e-05,-7.62405372137965e-05,3.29761245850781e-06,0.0159693569249612,-0.0098568685983463,0.00120348603129805,-0.000947076697051934,0.000186748489675706,-0.000254208095247705,-0.00012167088750701
"east_of_england","beta12",-1.07209741961312e-05,-2.86392963860176e-05,5.66857987131992e-05,1.07947066570342e-05,7.12824904599548e-06,6.1948618244858e-06,-1.93986939172479e-05,1.03563205584609e-05,-3.6311955345384e-06,6.90836268176342e-06,-4.0202909934723e-06,1.64567671132321e-06,1.31261231669705e-06,-2.93110292379367e-06,3.03782323721383e-06,-9.71222886298373e-06,-1.35370150621429e-06,1.12325320243439e-06,-4.69144234967204e-06,8.0157584326883e-06,-3.2660674601258e-06,2.53864386693405e-06,-1.71386921185402e-06,-7.11816871605244e-07,1.79666705698529e-06,-5.86193230901938e-07,1.06083710513559e-07,1.16048279389547e-06,-4.30469512859138e-08,-3.83000199620865e-06,-7.76487205800856e-07,5.06860605529376e-06,-5.14821526281059e-06,7.19600789975922e-06,3.26205489522323e-07,1.52099134292179e-06,-4.18730494501917e-06,3.06412982065441e-06,-1.18536882810066e-06,-1.46139875897004e-06,-8.90356627830785e-05,-7.33284645531943e-05,1.72510942461451e-06,-1.10409228526485e-05,-2.9444115986353e-05,5.36481148632171e-05,1.19156356567222e-05,7.44029460885428e-05,-9.21152860879216e-05,2.75220654926398e-06,-2.66325110187364e-05,-3.58498789712399e-05,4.06260255785007e-05,-2.5871799458525e-05,2.72613182613689e-05,1.70125691775962e-05,-0.000162800470778846,1.10714750960449e-08,3.62472282324163e-07,-3.29900743117205e-08,-6.08091992650164e-08,1.29737828578941e-07,6.66410093232601e-08,-3.0067672313943e-08,-2.34338136290667e-07,3.11711160328488e-07,4.30382106439757e-07,0.000245985717234429,-5.2534573903865e-05,3.20183044276446e-05,0.000135030825111083,1.35676700257326e-05,0.000115511515515981,-0.000103770817346527,-0.000196259744261231,4.74305341856387e-06,4.15579236274158e-05,-1.53370212393409e-06,-0.00423827342985251,0.00370404379688763,-0.000370538612149109,0.0017408124182455,-5.45328926872705e-05,7.61524820993032e-05,2.01167931254125e-06
"east_of_england","beta13",1.11769578641115e-05,-3.27855465125678e-05,-1.30430847605763e-05,6.80916215337035e-07,-1.05311750754865e-06,-4.47654290814402e-06,8.49441804333268e-06,-3.6311955345384e-06,3.40068842281521e-06,-4.56596840058475e-06,1.5622171157511e-06,-6.061321002243e-07,-1.16086968369712e-06,1.89526298417141e-06,-1.94844806267282e-06,1.47477582042729e-06,6.8541916429039e-07,-2.26067099565754e-07,-2.41528239268389e-06,-3.416172169706e-07,9.96770515887277e-07,-1.35479854400101e-06,1.54408791284379e-06,8.73551663414933e-08,-1.25835362122696e-06,2.43184164688367e-06,8.57568159454416e-07,-2.34487294505768e-06,2.37570733906583e-06,1.96235962039478e-06,-1.48133162360863e-07,1.1238763987825e-06,-2.42994911963848e-07,4.29774190670428e-06,-6.16435915891585e-07,-1.10120396015156e-06,2.3896326988063e-06,-5.54346402135646e-07,-8.73531133645203e-07,2.72782504978654e-06,6.25089803273033e-05,9.12955903865307e-05,-4.90971200890786e-05,2.49253974729584e-05,-6.24948404577096e-07,8.2812882546327e-05,-2.62105652968791e-05,-3.23467713809278e-05,3.51689833503313e-05,2.24325894038652e-05,3.60320901341763e-06,9.17046021429138e-06,-1.02582792962099e-05,-2.49516951938144e-06,-6.88156677047827e-06,-4.53090934419444e-07,5.34403893875129e-05,1.01315246329584e-07,-1.7289919736877e-07,3.74358633835648e-07,2.41957635319071e-07,1.99025510488497e-10,-4.08554853476933e-08,8.02260381511916e-08,1.28397566853335e-07,8.96788116197243e-08,-3.58166634908403e-07,-0.000118168095135681,0.000142448780795286,-3.74660778535857e-05,-3.61197840309409e-05,-9.57853663897607e-05,-2.01635725089638e-05,6.55431844412433e-05,1.04595183380345e-06,-3.52681123654683e-05,-7.52624147481308e-06,9.06912224065017e-07,0.00415112708259155,-0.00226932452122248,0.000470891359370627,-5.63825342330387e-05,4.76604505755689e-05,-3.22459260224051e-05,-3.82000671366626e-05
"east_of_england","beta14",-7.53605378157289e-06,-0.00028192140015046,4.87697022178692e-06,1.42134715450873e-06,1.28206567385889e-05,-1.92807993572221e-08,-1.27319010474733e-05,6.90836268176342e-06,-4.56596840058475e-06,1.52914145171579e-05,-7.62438467728812e-06,2.62669326243534e-06,1.198664793141e-06,2.32187983491452e-06,1.20617091024085e-06,-2.49826186985782e-05,2.42192975928057e-06,-1.10232389423603e-06,9.44375917848839e-06,3.79084663913281e-06,-1.53516456739294e-06,7.376694242869e-06,-3.14971736046905e-06,2.83248193314218e-06,6.01406928161296e-06,4.12543169980161e-06,-2.27768741548845e-06,3.31432842442693e-06,3.96577806946384e-06,-7.33373422496665e-06,5.783835834583e-06,-5.79860425891257e-06,1.04323288990391e-06,-1.80717719894264e-07,5.22846459419969e-07,5.18540107887501e-06,-1.51599570809116e-05,1.01594859591025e-05,-4.43035651053037e-06,5.88747712993736e-06,-0.000268714265620841,-0.000329855297520601,6.49830555949367e-05,5.97732513832118e-06,-9.73188391929113e-05,-5.42108814156411e-05,-8.79265181023075e-05,2.26521669399745e-05,-6.84988972520152e-05,6.62636385088867e-05,-2.73342617650076e-05,-2.37539765492518e-05,5.48829372794393e-05,0.00013625123743385,2.31128419204474e-05,1.41311431139666e-05,-0.000360430694112708,-1.34105051309528e-07,-5.98480227715661e-08,2.15993578917102e-07,-5.21265371921917e-07,-1.09100831877572e-07,3.38792333053777e-07,2.41375379994818e-08,-2.5075401023527e-07,2.11028282854136e-08,-1.10154899153896e-07,0.000252632935431977,0.000119827253553633,2.58720169826071e-05,1.15341299993019e-05,-4.67786378918827e-05,0.000104480978557979,-3.37225160194036e-05,-0.000152705782062022,7.70018611841569e-05,3.11481038622555e-05,-1.33282229572888e-06,-0.0065352697922813,-0.00355393131197068,-0.000285931718317895,0.00239637673184626,-0.000100283540875404,-9.15182438654897e-06,5.2505542431549e-05
"east_of_england","beta15",1.27780339141221e-05,9.72655561131725e-05,-2.90446523209413e-05,-3.31319719288645e-06,-1.02290690427059e-05,1.53073289968909e-07,6.74263316143802e-06,-4.0202909934723e-06,1.5622171157511e-06,-7.62438467728812e-06,6.61983882786497e-06,-1.78042752689245e-06,-1.95582410782309e-07,-1.46569687408579e-06,9.11701062093476e-07,1.9033754910659e-05,-2.48692396919545e-06,4.84495237960784e-07,-6.13699344490596e-06,-2.41482658242592e-06,-3.79557035677972e-07,-3.8841501141864e-06,2.54385717796623e-07,-2.80421056454555e-06,-2.1316787108978e-06,-4.8515413765827e-06,2.925859355514e-07,-1.35250141351697e-06,-4.25454286886857e-06,3.14268478083493e-06,-3.77541214933351e-06,4.58227949705303e-07,1.39457385526264e-06,-7.88684014189813e-06,2.12339326009607e-07,-2.98386498862171e-06,8.79919193069711e-06,-7.98396591203398e-06,5.53745052065752e-06,-4.18775131406779e-06,0.000139697325881141,0.000145974492573747,-2.7985232877183e-05,1.49914591874864e-05,3.95677443715022e-05,6.16980456436364e-05,2.99247162139951e-05,-1.91685153369692e-05,6.54245601242381e-05,-5.56050797340871e-05,2.02911203771329e-05,2.33530473168797e-05,-5.26617814589024e-05,-3.51330637164947e-05,-1.77120081604218e-05,-1.00677021537211e-05,8.12665394267581e-05,1.53434904121944e-07,5.516766934147e-08,-1.50507434034137e-07,1.02082334425849e-07,3.66373436271861e-08,-1.22777736287276e-07,-3.26695428261559e-08,1.90142183423748e-07,-8.40029514912957e-08,-2.23718407787454e-07,-7.36090186837886e-05,-0.000143411440494067,-4.42080562281554e-05,-2.80909493165101e-05,-2.09687337558991e-05,-5.08675758157732e-05,6.90478734029305e-05,9.41554185956217e-05,-1.88371937309414e-05,-2.38942101581044e-05,6.10707356359285e-07,0.00230090233019599,0.00397287662632566,0.000153066841181266,-0.00220024620559305,3.61310696322768e-05,4.56213068306244e-05,-7.79582619903609e-06
"east_of_england","beta16",-1.97119488898649e-06,6.20632819819193e-06,1.01053258369238e-05,4.98397029994089e-07,4.83571747403899e-06,1.00208817499424e-06,-3.73831585616522e-06,1.64567671132321e-06,-6.061321002243e-07,2.62669326243534e-06,-1.78042752689245e-06,1.18545012476569e-06,4.03038105441213e-07,8.81132678301392e-07,6.99495892976505e-07,-1.08414135234059e-05,7.34618995363e-07,6.46528540899567e-07,3.18580838261002e-06,6.34391831150641e-07,5.46959208333534e-07,2.01174212104087e-06,-9.58705096030106e-07,2.46063916492038e-06,1.03334537045189e-06,1.85102797009355e-06,4.69740084622361e-08,1.32380359332786e-06,1.51773272794974e-06,-1.46248743091317e-06,8.79298252708315e-07,4.07758067707457e-07,-1.64690948070082e-06,4.86070160530705e-06,-2.74196984457274e-08,9.15696233370927e-07,-2.85504411663578e-06,2.81990163734358e-06,-1.02686363564968e-06,-9.32442203318185e-08,-8.55130344368579e-05,-6.88387174049492e-05,-2.74645273458117e-06,1.45896917989871e-06,-1.38219602088513e-05,-8.02082495819036e-06,-3.52707020197301e-05,-2.54711705896691e-05,-2.70889544192475e-05,1.99670098418033e-05,-9.61325434991489e-06,-1.94105550122202e-05,2.33900215561e-05,2.61742731614657e-05,6.89598347591212e-06,6.47484243631497e-06,-5.2753171350493e-05,-9.42708130328071e-08,-1.11326418515983e-07,5.40275052720034e-08,-8.52655798692847e-08,7.1109008015243e-08,1.89463907746422e-08,4.28494362475372e-08,-6.49274287029945e-08,1.13915229674566e-08,2.76476943743809e-08,2.24950611295152e-05,8.14936503514375e-05,-2.11662176460301e-06,2.43953058732309e-05,0.00010724850051242,4.76157266437834e-06,-4.41364352858744e-05,-6.53817051107084e-05,1.12081330472435e-05,1.70291314143092e-05,-3.53270589312979e-07,-0.00259282008900778,-0.000644084697863733,0.00013625030224262,0.000849823094338686,-3.78085813958192e-05,-9.76738135028412e-06,2.46276064290863e-05
"east_of_england","beta17",-1.01026376620341e-05,8.19131376997503e-05,-6.45304853338784e-06,-2.94055558111303e-07,2.76377863661957e-06,3.18055273957798e-06,-4.05464311495498e-06,1.31261231669705e-06,-1.16086968369712e-06,1.198664793141e-06,-1.95582410782309e-07,4.03038105441213e-07,1.54664070009383e-06,-2.1521958398035e-06,1.67811129211118e-06,-2.19109742232562e-06,4.58087332640317e-07,6.78228722452651e-07,3.94906410500764e-06,-8.85028801795718e-07,1.30277780688962e-07,1.37122129541321e-06,-8.25928885491583e-07,1.77117027903358e-06,1.24656487859269e-06,-1.29417347689964e-06,-6.82076533045034e-07,2.81286483194402e-06,-1.12711941784146e-06,4.62823313994191e-07,1.80625101243423e-07,1.30478274926238e-06,1.96919327827779e-07,-2.14644823434666e-06,4.61559475654904e-07,2.10342154811135e-07,1.16973584954291e-08,-3.0604584181228e-07,2.17539817951731e-06,-3.79683085958831e-06,-6.69808879314608e-05,-4.33228240186312e-05,2.21543047403101e-05,-4.54660135605493e-05,1.53810977594843e-05,-4.22073296882307e-05,-6.0568847241438e-06,2.70270074156408e-05,-3.29061006969048e-05,-2.56594629843396e-05,-6.05420329580065e-06,-2.08808065586596e-05,2.73752204318721e-06,-6.52482783691605e-06,1.02345728676089e-06,8.60500927820407e-06,1.48484545481461e-05,-9.00003319513181e-08,7.19940425341514e-08,-3.32316938164995e-07,-2.1689886019375e-07,2.30213522063631e-07,1.32345992218966e-08,-3.40109153248372e-08,-6.90912198089841e-08,-3.14347332078755e-09,2.00127244458496e-07,2.53698764597123e-05,-7.89861702297083e-07,1.41684774655099e-05,5.88723536727215e-07,0.000111560183476193,2.41285532765438e-05,-6.46653523392977e-05,-3.62361294998385e-05,-7.70701600556089e-06,9.56984809002516e-06,-8.49194166575619e-07,-0.00343902412623385,0.00215217829610278,-0.000307728534000264,0.000435802822121976,-4.14320294737654e-05,4.78387690318772e-06,2.05117253190673e-05
"east_of_england","beta18",1.88806532758053e-05,-0.000301967211550699,-3.96729503955777e-06,-4.21475824373535e-06,5.04765810611936e-06,-8.86294082473892e-06,8.24451888540254e-06,-2.93110292379367e-06,1.89526298417141e-06,2.32187983491452e-06,-1.46569687408579e-06,8.81132678301392e-07,-2.1521958398035e-06,8.25377933698736e-06,-3.7670521971812e-06,-2.05210390666473e-05,2.85019422189779e-06,-1.55444208420957e-06,2.45839043492857e-06,3.26531269543746e-06,1.30383669707437e-06,2.50623650528119e-06,2.69918092242775e-07,1.33990083896761e-06,3.02263092114492e-06,6.74231137393377e-06,1.67226749579421e-07,-1.89152398073051e-06,6.43114019417376e-06,-1.08682898020262e-06,2.59581152970305e-06,-2.88158992555211e-06,-5.07580713996436e-07,8.39065237439975e-06,-4.47189716884677e-07,1.15491461692558e-06,-6.35439050635764e-06,6.3915129015426e-06,-7.04573659015494e-06,1.07687592608089e-05,-2.70920762147928e-05,-8.94867838374967e-05,-3.22612404597691e-05,9.16953065651616e-05,-6.91432872893901e-05,9.13359454895385e-05,-9.00671532987552e-05,-0.000114653721707741,4.24070379242056e-05,8.81996789897457e-05,1.21532966508844e-06,2.66300755336784e-05,3.74559932956747e-05,0.000112831929610508,2.1832301213456e-06,-6.95608146351123e-06,-0.000166512262425158,1.01075622088451e-07,-5.07417251533715e-07,9.26767671110142e-07,1.67172083933703e-07,-1.81863354906344e-07,1.5008730160585e-07,1.18069780036288e-07,4.32994456229904e-08,-6.8156227777635e-08,-6.18887281102728e-07,-4.3657638201687e-05,0.000245503123073224,-6.26867937672151e-05,-8.90145469762705e-05,-0.000144987660589067,-5.42673778994895e-05,0.000109500207799323,-2.70352312552859e-05,7.69776747164732e-05,-7.12868820391216e-06,1.51358222146389e-06,0.00211708576834747,-0.00794642069884855,0.000833284782131993,0.000898538400400003,1.02487221200605e-05,-7.16706345314578e-05,-8.28659583147848e-06
"east_of_england","beta19",2.7127236650576e-06,0.000145990278844641,-8.21095779555864e-06,6.87846129154161e-07,-9.54725418722421e-07,7.99797523894176e-06,-1.09344266065339e-05,3.03782323721383e-06,-1.94844806267282e-06,1.20617091024085e-06,9.11701062093476e-07,6.99495892976505e-07,1.67811129211118e-06,-3.7670521971812e-06,5.80527216749916e-06,6.09500729139759e-06,-3.5725095718288e-06,2.89931792010849e-06,1.69956403162123e-07,-1.92905346682873e-06,-1.09477075828856e-06,1.03491168035148e-06,-2.89476916308494e-06,1.77973468084029e-06,-2.38025244371193e-07,-4.1952659188611e-06,-2.373997943873e-07,3.65741218017452e-06,-4.30004912963529e-06,-2.57111201675837e-06,-1.76780344443318e-06,-3.18127233519159e-07,-2.83098118020563e-06,-4.9897752118481e-07,-1.6264106271054e-07,1.26610223528976e-06,-6.79414523351106e-07,-1.64402669208487e-06,6.29412880938224e-06,-8.9041828567078e-06,-9.90077910826347e-05,-4.21701833500343e-05,2.30382776579448e-05,-7.91176811075314e-06,3.98257935218075e-05,-2.18630471568062e-05,-2.59300138334846e-05,-5.43608691074908e-05,-1.59314295997406e-05,-3.38352330365644e-05,-3.33521462568927e-06,-2.38316536797591e-05,-3.64028438043311e-05,5.97299275614343e-06,-9.6669497713522e-06,7.35148723516387e-06,-7.25513419384102e-05,-1.38843287453699e-07,1.2176694333569e-08,-4.21935929600621e-07,-3.02389855120084e-07,2.13279860654863e-08,-4.41113822678389e-08,1.3134747012014e-07,2.64412007536272e-08,-5.9464931521573e-08,-2.12960325082539e-07,3.30970704250172e-05,-0.000167697138126195,-5.88438129605366e-06,4.38824284624101e-05,0.000225056895070255,1.6647135767879e-05,-2.69908712400513e-05,-4.21481832606582e-05,-4.12786814529986e-05,2.81666929464489e-05,-1.06321618205991e-06,-0.00504283047270523,0.00479278538519615,0.000114579225278369,-0.000375013046664112,-6.02720844761488e-05,5.73420363279059e-05,7.77034132309868e-05
"east_of_england","beta2",1.10020775680283e-05,0.000753268731039202,-0.000263249153093614,-9.02252276443077e-06,-9.00099527176552e-05,1.96271856837047e-05,2.29661199965416e-06,-9.71222886298373e-06,1.47477582042729e-06,-2.49826186985782e-05,1.9033754910659e-05,-1.08414135234059e-05,-2.19109742232562e-06,-2.05210390666473e-05,6.09500729139759e-06,0.000304018443584957,-2.23457874884095e-05,-2.38005557226826e-06,-3.37416495348821e-05,-6.16581212797667e-05,-3.85318812133108e-06,-3.09799038935793e-05,2.6107548260554e-06,-3.03022985656041e-05,-2.95151716759236e-05,-3.54449738377122e-05,-9.81841188964006e-06,-8.62542054434562e-06,-4.1552331766388e-05,3.59796692654221e-06,-1.70920948972008e-05,-1.62942622429679e-05,8.96009479983242e-06,-6.28940764962936e-05,3.72624697991402e-06,-1.36818218115717e-05,4.06698052983712e-05,-5.20544336926898e-05,5.06383611263237e-05,-3.68275052960936e-05,0.000591275141331916,0.000953857840800727,6.12238820188732e-05,-5.85114003876835e-05,0.000263663864814868,0.000680780937528899,-2.94974310324662e-05,0.000262238667911686,0.000489831540167953,-0.000515057026114203,0.000105418403689477,0.000141285356833536,-0.000206190099322882,-0.000253820871169077,-0.000225867677471288,-5.51783971787528e-05,0.000145734192782455,4.88663568633823e-07,1.23901335977175e-06,-2.7300291077086e-06,-2.81229913957224e-07,-2.9022697270501e-06,-4.6960439041921e-07,1.12618357898043e-06,1.17550555644053e-06,2.80208775922902e-07,-3.35657599328775e-06,-0.000219971784772889,-0.00159898795436725,-0.000151501246015216,0.000220683943936712,-0.000902859747002402,0.0001517989575096,0.000332396520168401,0.000674105263019131,-0.000614763153870242,-0.000166981677065428,8.54973405696225e-07,0.0160278181549637,0.0268090935005309,0.000687882347857826,-0.0132556885882077,0.000275640941466218,0.000546893223200917,-3.66813687214061e-07
"east_of_england","beta20",-1.36065639626417e-05,-9.09456020978607e-05,-1.79859629519665e-05,-4.05667551703685e-06,1.23826142835361e-05,-9.02049492737202e-06,9.72279695348585e-06,-1.35370150621429e-06,6.8541916429039e-07,2.42192975928057e-06,-2.48692396919545e-06,7.34618995363e-07,4.58087332640317e-07,2.85019422189779e-06,-3.5725095718288e-06,-2.23457874884095e-05,7.85889288470327e-06,-1.87364247442968e-06,1.35797215478381e-05,1.97072331371238e-06,3.11233617196792e-06,4.7589528135273e-06,2.28175255491348e-06,4.78460797877307e-06,5.95072407169014e-06,8.14903041391514e-06,-4.65183888042858e-07,1.93820479986148e-06,9.17296521729841e-06,2.82567428959372e-06,4.81618848746314e-06,1.54036128750094e-06,3.31202085479534e-06,5.18181232933508e-06,3.20843610069331e-07,1.03849712474978e-07,-2.64786016966851e-06,4.72667848618339e-06,-5.7651884812802e-06,9.35688085066258e-06,-4.77264846792493e-05,-8.87475894252769e-05,-2.36182253501893e-06,-3.64469510378445e-05,-1.3739039899244e-05,-4.91494380052133e-06,-9.15745176794747e-05,3.64543189417668e-05,-2.46752643402781e-05,4.32396740778977e-05,-1.26403673859799e-05,-1.91483473042154e-05,3.14017020232592e-06,4.37106847761903e-05,8.87838737493538e-06,1.23193885964397e-05,3.8581855688649e-05,-4.05612254285311e-08,-2.99527866173855e-07,3.03577944862367e-07,1.11312424467118e-09,5.20717113630644e-07,1.08674510161668e-07,1.59077643676597e-07,5.80751217694155e-09,1.15266093379052e-07,1.02796714992893e-07,6.4254744111095e-05,0.000290121204818994,9.20829813584114e-06,-0.00014145372090327,-3.79321425522268e-05,2.43384134235266e-05,2.7860730875108e-06,-8.89947194823432e-05,1.39391634480931e-05,9.0384754582562e-06,2.85674226127344e-08,-0.000148729116209531,-0.00529519230713826,0.000299245509066361,0.00264645915259948,-1.15298824737018e-05,-0.000154796527760427,-2.95498992987992e-05
"east_of_england","beta21",-2.69978225729714e-06,0.000131734282063343,9.74654069147082e-06,-6.51924501362143e-07,-8.02132377430021e-07,5.93086091969241e-06,-6.33628329904335e-06,1.12325320243439e-06,-2.26067099565754e-07,-1.10232389423603e-06,4.84495237960784e-07,6.46528540899567e-07,6.78228722452651e-07,-1.55444208420957e-06,2.89931792010849e-06,-2.38005557226826e-06,-1.87364247442968e-06,3.33785848700109e-06,-1.99367244919937e-07,-3.05396406266306e-07,9.4483025353902e-07,9.34457872767188e-07,-6.83377355937026e-07,3.1172902533641e-06,-6.67538952019894e-07,-1.87335880260301e-07,1.39483747521918e-06,2.88547974611618e-06,-9.59789409742854e-07,-1.34578588845829e-07,-1.61110633394923e-06,2.712485493787e-06,-4.32827207922701e-06,7.67856723989489e-06,-8.83643608614466e-07,1.04743718607899e-06,2.61085674201439e-08,-2.04977016549665e-07,2.68779064095303e-06,-6.83591004355599e-06,-4.2058693400557e-05,1.70478168423114e-05,-1.39798527305067e-06,-2.8274180759923e-05,9.83673390939547e-06,-1.25732455417854e-05,-2.58379998101086e-05,-7.81202424693899e-05,-2.28740451182615e-05,-1.32616960140912e-05,1.08232070313356e-06,-1.28861183457831e-05,-5.0273314528132e-05,-2.22896257633481e-05,-6.78000142448445e-06,-2.52337839093918e-07,3.79166518629096e-05,-8.22406646439249e-08,-3.54533290952136e-08,-2.33206555587663e-07,1.83877519311217e-08,-4.79863026704081e-08,-7.97443552097744e-08,2.18205924249795e-07,6.25475812344523e-08,-8.44640802577478e-08,-9.86290556055717e-08,-7.42714045369984e-05,-4.36105949751435e-05,3.5989438467881e-06,6.01626837094338e-05,0.000213080878095889,-1.27159363833327e-05,-1.26097461029459e-05,-3.74934127130236e-07,-4.04282222980243e-05,2.45528402084281e-05,-3.83496636315211e-08,-0.00273689406784702,0.000537509245763414,0.000419620352389052,-0.000316026171443756,-3.12846698451439e-05,-1.02464687345885e-05,5.41334065358831e-05
"east_of_england","beta22",-5.67973083894377e-05,0.000176102808408398,-0.000117283565478294,-2.53282557739991e-05,2.65830737372762e-05,-5.23219830496803e-06,1.0082260751006e-05,-4.69144234967204e-06,-2.41528239268389e-06,9.44375917848839e-06,-6.13699344490596e-06,3.18580838261002e-06,3.94906410500764e-06,2.45839043492857e-06,1.69956403162123e-07,-3.37416495348821e-05,1.35797215478381e-05,-1.99367244919937e-07,5.42031556864977e-05,-1.94264864947311e-05,1.12705037659841e-05,1.47111623756607e-05,1.41686309066373e-07,2.11317386648224e-05,1.00838128521005e-05,1.72536100527618e-05,-4.06471973448402e-06,1.49379349211781e-05,1.33864480981747e-05,1.23090457285258e-06,1.28875533051067e-05,-7.52256364144094e-06,1.62151180144264e-06,2.08918526527031e-05,8.02544044995923e-07,4.86451009982039e-06,-1.51536741353574e-05,1.21349735653804e-05,-5.72077610701146e-08,1.35625512585076e-06,-0.00046480368648174,-0.000369574456185057,0.000131799291813871,-0.000130741643238144,8.22459494778309e-05,-0.000246468247571394,-0.000344130568767521,-0.000187504456502124,3.34196447224179e-06,3.25184828922562e-05,-1.1280348813092e-05,-4.02847870571843e-05,6.65998412329842e-05,0.000259730702615083,-4.64064959109768e-05,1.04007220488598e-05,5.47772554325962e-05,-7.66143544971044e-07,-1.16747325293136e-06,-4.25992731162e-07,-1.11614767659141e-06,6.48930090132725e-07,1.20354955316996e-07,8.30816237743764e-07,2.3128830739321e-07,-5.07807169353066e-07,-7.09021247302933e-07,7.33466186675266e-05,0.000209260305793671,6.5430360881931e-05,-0.000370837933305006,0.000376594098776747,-5.44189420838761e-05,-7.75352491713674e-05,8.09071632397558e-05,-9.42195320647645e-05,5.71281671942045e-05,-9.72728860778519e-07,-0.0113263564505979,-0.0143423306206727,0.00134453753513847,0.00561580034727118,-0.00015845098098754,-0.000385033718460516,0.00017608502806423
"east_of_england","beta23",3.51778981467334e-05,-0.000506449438287268,0.000130756344881886,1.62254148950491e-05,1.54025970973795e-05,-7.32331901572249e-06,-5.79936514691829e-06,8.0157584326883e-06,-3.416172169706e-07,3.79084663913281e-06,-2.41482658242592e-06,6.34391831150641e-07,-8.85028801795718e-07,3.26531269543746e-06,-1.92905346682873e-06,-6.16581212797667e-05,1.97072331371238e-06,-3.05396406266306e-07,-1.94264864947311e-05,3.87834540917511e-05,-7.26530964685931e-06,3.68949553603449e-06,1.3964656451914e-06,-5.29159386881124e-06,1.11687630436595e-05,2.41729189110715e-07,4.06007991178869e-06,-3.13200515116428e-06,7.96195378903238e-06,1.62896336411316e-06,-1.67525956831381e-06,1.27261295196776e-05,-2.48189904752395e-07,2.45978423712978e-06,-8.93839569732057e-07,5.57514932823387e-07,-3.25194382130632e-06,7.75765259864818e-06,-1.6323071559917e-05,1.69041082376061e-05,0.000153126802924259,-8.85571878898211e-05,-8.27358382849889e-05,0.000108973428007592,-6.27844734416679e-05,6.5785365877135e-06,0.000184963197623889,8.37972793027498e-05,-0.00015572072363418,0.000121138333910117,-2.81480433435396e-05,-9.19842582412154e-06,-5.9732643345579e-05,-0.000103675430366307,8.3520159854108e-05,2.1761723011288e-05,-0.000123933879326219,5.54327763426934e-07,2.99012688642667e-07,1.19690756120924e-06,9.07971145046919e-07,1.00005845692349e-06,2.82343794708246e-07,-5.92194079106038e-07,-4.26251271391479e-07,4.69158645849352e-07,1.32539392035191e-06,0.00015071602681755,0.000309532385817391,-3.04510085997132e-05,-2.46683977526734e-05,-0.000128241488814825,4.92008764050565e-05,6.44098840312116e-05,-0.00036811515848092,0.000243043258822969,2.05146072948611e-05,-6.60027755645092e-08,0.00258098192149704,0.000727865493973258,-0.00100454052483049,0.00244056318227904,2.65720231856362e-05,-9.22321728740783e-06,-0.000143406207802271
"east_of_england","beta24",-1.34025947324223e-05,0.000154811528728842,-2.17355405839546e-05,-7.54086299955334e-06,1.36052164500004e-06,-1.17077222182323e-06,6.02889671220314e-06,-3.2660674601258e-06,9.96770515887277e-07,-1.53516456739294e-06,-3.79557035677972e-07,5.46959208333534e-07,1.30277780688962e-07,1.30383669707437e-06,-1.09477075828856e-06,-3.85318812133108e-06,3.11233617196792e-06,9.4483025353902e-07,1.12705037659841e-05,-7.26530964685931e-06,5.09370289562376e-06,1.38223032600381e-06,1.39967134380141e-06,6.05798091829215e-06,-6.88478853826783e-07,5.74440446701354e-06,6.06510130715895e-07,2.54526997890075e-06,3.65166999786908e-06,1.40717575402806e-06,2.12485959203299e-06,-1.04235709994572e-06,-5.74523346149999e-07,9.43845273517619e-06,-4.60931731333788e-07,1.49519800546043e-07,1.22758089039535e-07,1.18477556717634e-06,1.51817627346382e-07,-1.47064933227248e-06,-5.29024461120847e-05,4.17644030875541e-06,7.75187591747576e-06,-4.98629826721381e-05,-2.27502439255746e-06,-4.62073391882561e-05,-7.54925370487103e-05,-6.94156396342604e-05,1.293608200092e-05,4.40167075699404e-06,3.82863177179049e-06,-1.00498825407931e-05,-3.12960248195462e-05,2.74408559143197e-05,-1.11229991366382e-05,-6.460080823146e-06,0.000118570501520186,-1.78890355405025e-07,-2.61664432479374e-07,-1.4429247447455e-07,2.81435556793151e-09,-4.16743562578067e-08,-1.22300709168574e-07,3.46184549586916e-07,1.55074353553874e-07,-1.51683169309707e-07,-1.29632457807445e-07,-0.000102657467942839,9.54326819014255e-05,1.92275085888017e-05,-7.72590531737437e-06,0.000163828082511419,-3.76582033673501e-05,-8.38602032920982e-06,8.29762111445166e-05,-5.29550310397526e-05,1.5220141887425e-05,5.79719981521778e-07,-0.00116400822641494,-0.00458078615218332,0.000753341798806744,0.00024864693824968,-1.50556942681909e-05,-0.000113967924150572,4.83935409189471e-05
