"region","name","alpha_admission","alpha_D","alpha_death_hosp","alpha_H","beta1","beta10","beta11","beta12","beta13","beta14","beta15","beta16","beta17","beta18","beta19","beta2","beta20","beta21","beta22","beta23","beta24","beta25","beta26","beta27","beta28","beta29","beta3","beta30","beta31","beta32","beta33","beta34","beta35","beta36","beta4","beta5","beta6","beta7","beta8","beta9","mu_D","mu_D_2","mu_D_3","mu_D_4","mu_D_5","mu_gamma_H","mu_gamma_H_2","mu_gamma_H_3","mu_gamma_H_4","p_G_D","p_G_D_2","p_H","p_H_2","p_H_D","p_ICU","p_ICU_2","p_ICU_D","p_NC_15_24","p_NC_25_49","p_NC_50_64","p_NC_65_79","p_NC_80_plus","p_NC_weekend_15_24","p_NC_weekend_25_49","p_NC_weekend_50_64","p_NC_weekend_65_79","p_NC_weekend_80_plus","p_W_D","rel_p_D_alpha","rel_p_D_delta","rel_p_D_omicron","rel_p_H_alpha","rel_p_H_delta","rel_p_H_omicron","rel_p_ICU_alpha","rel_p_ICU_delta","rel_p_ICU_omicron","rho_pillar2_tests","seed_date_alpha","seed_date_delta","seed_date_omicron","start_date","ta_alpha","ta_delta","ta_omicron"
"east_of_england","alpha_admission",0.00056113326548066,0.00169503023784673,2.24614183448992e-05,3.64374219153507e-05,8.76949037958681e-05,-1.29471434698227e-05,-1.14124863149184e-06,-1.16263838996591e-05,7.2647263139136e-06,2.67567586197982e-06,8.62660730517336e-06,-1.35721993718432e-05,2.23271779843572e-05,-3.77003476695748e-05,5.68605416885656e-05,-0.000277735620314032,-2.55475266398388e-05,-7.66113774808142e-06,2.55175100607963e-05,-2.45388105692779e-05,1.35280020372072e-05,-2.91150873230028e-05,4.71601676167725e-05,-4.7182324349974e-05,7.02157911336918e-05,-1.50280333188973e-06,7.56719581300794e-07,1.92167437080014e-05,7.81950335370177e-06,8.70811353983465e-06,8.55409679170453e-06,1.97880328143278e-05,-3.83960002496788e-05,0.000135489535959113,1.1282886991872e-05,-3.62592873967701e-05,5.25786831761419e-05,-2.75984928918934e-05,2.24629984747421e-05,4.7922698996011e-06,-0.000521457400392098,0.000409846596370199,1.40214013771898e-05,0.000407459176867502,-0.000637061404846467,-0.00112210630582504,0.00161690434979271,-0.0019907082487932,0.000744855873840861,0.000444025664736255,1.62524987165675e-05,-6.19157347555304e-05,0.000661026803599579,0.000134274412563324,6.11250346344176e-06,0.000133854234708619,0.000847862363730786,2.28298730201237e-06,4.14991748537616e-06,3.75003838492362e-06,4.66586719217305e-06,1.90662290687384e-05,-4.10377814827011e-07,5.40163410576849e-06,2.28053240644619e-06,1.41879529767601e-06,-2.51512129097941e-06,0.000803046045249091,-0.000471733730088343,0.000212261222482566,0.00150013889868258,-0.00149507522038283,-0.000741662738787943,-5.83875592827909e-05,-0.0013219624696652,0.000926583377524238,0.000175151650418257,1.32317042839293e-06,-0.00559593233574144,0.0244395577774962,-0.008230252649935,0.0189259073942514,9.4542203378437e-05,0.000366328480703759,-0.000603526120543982
"east_of_england","alpha_D",0.00169503023784673,0.023867751263723,-0.00118533242957581,0.000397472656227298,0.00037878880640413,-0.00010143812273782,-0.000284105352265944,-2.3486348894204e-05,9.52034716224754e-05,2.53792166630582e-05,-0.000156147287821725,-4.31200550280517e-05,4.92151535159228e-05,-5.18744079864758e-05,0.000222805482271864,-0.00124266213965989,-0.000150360919827843,1.77412177157468e-05,-0.000108607632763784,-0.000235703003125393,0.000116154109247936,-0.000199956444359416,0.000302249914984104,-0.000466829529761883,0.00042865804644486,-9.24767925256754e-05,0.000153983976317743,1.46939283395196e-05,3.2661639785525e-05,9.52368491334314e-05,4.49502262374645e-05,0.000218663925026808,-0.000454523286415646,0.00151040313371111,-7.24378668856075e-05,-3.84535859054369e-05,0.000264059860424937,-0.000165006249193982,0.00016008082130903,-0.000135248709697357,0.00735050879865578,0.00230449915839485,0.00813626717605687,0.00470055986750397,2.62452680972387e-05,-0.00856892153496167,0.00680524251146785,-0.00976068461587087,0.00366899807170648,-0.000721968738051974,0.00193065106721881,0.000415168070224948,0.00865572422876226,0.00275957546959451,0.00120882240609649,0.000663691586883579,0.000168880180444144,4.86030233627483e-06,8.8201404464595e-06,9.59161639557356e-06,1.34210980277101e-05,0.000116854951071297,-5.63135623384646e-06,3.97343775123782e-05,1.3080079027451e-05,1.17225127194066e-05,-2.42848468499278e-05,-0.0064703276123715,-0.0283679118553653,0.00355260497414616,0.00767725597476012,-0.00927820437566169,-0.00399957368883914,-0.000950876059651971,-0.00146970999924701,-0.00105400420437197,-0.00212577900291749,2.10230675391924e-05,-0.0952036789435597,0.14017566002701,-0.0878642084196251,0.142162684993181,0.000248206646340009,0.00264263810612668,-0.00526992565812601
"east_of_england","alpha_death_hosp",2.24614183448992e-05,-0.00118533242957581,0.000540340860951488,-5.47156787692983e-05,1.15298023205674e-06,-2.9018269547299e-06,3.80337807872869e-05,-2.15831448351176e-06,-1.69600576878969e-05,2.10460416312514e-05,-4.82270035555656e-06,-6.57015285552833e-06,5.24112072387131e-06,-1.61898293940096e-05,6.15721307363695e-06,9.17920280333342e-05,1.16390200296481e-06,3.27487434440765e-06,-2.50962808131063e-05,2.80961660200961e-05,-2.56763239708293e-06,-2.67246902080068e-07,1.2695600737565e-05,-5.95979424575588e-06,3.40890312348299e-05,-1.38567361298779e-05,-5.92565026355273e-06,1.12709010342071e-05,6.64291145709045e-06,1.95150847481515e-06,-1.82212330662049e-06,-2.68901330761425e-06,3.19117378122586e-05,-0.000108076691255594,4.70727979341016e-06,-1.00008231062949e-07,-3.81280095316143e-05,2.74294421298108e-05,-1.73578651776426e-05,1.31094768158786e-05,-0.000543272136091447,9.62848065199221e-05,-0.000658710284097087,0.00036320585804405,0.000291283447146728,0.000677737071943558,0.000205800906953931,-0.00122928393014862,0.000415407124788283,0.00053897594245141,6.26793671510008e-05,6.01170944082968e-05,-0.000303597032274652,0.000265014546309123,1.14736333844751e-07,-6.9460477445453e-05,0.000251758785110018,-4.50597130446091e-07,4.14507354834008e-06,2.4601861251091e-06,2.03291738923912e-06,-4.43628420959621e-07,1.00793650436801e-07,-1.95001595310867e-06,-1.25445401305081e-06,-2.53948120463945e-07,5.05846007429545e-07,0.00075818744112225,-0.0010464458227408,-0.000591235628410493,3.78780119287399e-05,0.00115317785418811,-0.000665878004983939,-0.000100113327488546,-0.000143638615418377,0.000163119130625803,0.000239485669649281,-1.61493616160951e-06,0.0127091830023886,-0.0203796841825908,0.00259796671948023,0.00627615989228753,7.91551823700989e-05,-0.000284248650446568,0.000127674280716101
"east_of_england","alpha_H",3.64374219153507e-05,0.000397472656227298,-5.47156787692983e-05,4.64387937049773e-05,1.6848833267853e-05,-3.8050044085192e-06,-1.51113497289161e-05,1.08502004784585e-06,3.73253429728285e-06,3.33628631266035e-06,5.74215952010753e-06,4.91596767430815e-07,3.83107864432718e-06,-1.95524170386274e-08,1.05891899025146e-05,-3.48171620879844e-05,-5.64296151384295e-06,6.49430038840147e-06,1.80614796971444e-06,-1.71509730547126e-05,1.13912371015654e-05,-7.63117833292624e-06,9.8688203438995e-06,-6.2762239358309e-06,9.85313957090639e-06,2.54190953020583e-06,-6.7844407674697e-07,5.15406901964967e-06,1.55842899749048e-06,9.86499431547164e-07,7.01293734739336e-06,6.64127499402815e-07,-1.109055179098e-05,4.80366266962623e-05,1.06579111992514e-06,-5.97426487426228e-06,1.9648395749706e-05,-1.32460901535957e-05,1.24636310901044e-05,-3.28271299383553e-07,0.000436789331061378,-6.71195089165681e-05,0.000288811085726936,7.42131480039951e-05,-4.40207265802535e-05,-0.000439814843053813,0.000322954136793893,1.34419252275181e-05,6.34266541792395e-05,4.68583704905016e-06,4.75820231458674e-05,-3.47499662387177e-05,5.09278124762596e-05,8.65382958429259e-07,-3.74470124230678e-05,1.18064382302689e-06,-1.0586478522661e-05,1.2468375996733e-07,4.18792836671327e-07,9.998979812477e-07,5.28925051524067e-07,4.38009743778982e-06,4.61701308950864e-08,9.02645214028319e-07,1.05408020096573e-06,2.03481451477597e-07,-1.28114883916063e-07,-0.000341384896240838,-0.000298098981585537,0.000158046252341512,9.67311308011878e-05,-0.000694218668085884,0.000183888122110408,7.53274715064373e-05,0.000244728074039074,-0.000136984568363632,-0.000111778083562959,7.46629795137645e-07,-0.0102699138404032,0.00584211815899492,-0.00139308302240713,0.00393736599620661,-9.22987187073546e-05,0.000138898236485929,-9.93361448876863e-05
"east_of_england","beta1",8.76949037958681e-05,0.00037878880640413,1.15298023205674e-06,1.6848833267853e-05,2.99808658762298e-05,-9.71194509739674e-07,-7.82955155117119e-06,2.96558529125896e-06,-1.94924811904205e-06,1.02008048926921e-05,-7.45153511751108e-07,-2.87331382480689e-06,6.1393478894725e-06,-8.39081472724431e-06,1.37879508139453e-05,-2.75424791969569e-05,-4.15614887403192e-06,2.49524253155025e-06,1.98709881090269e-06,-7.68659097559923e-06,7.07558065134097e-06,-6.91506621997841e-06,1.32814519997508e-05,-7.9889672992729e-06,1.97790417920348e-05,-1.29590717553815e-07,-3.48311329584767e-06,7.56669931981066e-06,3.34402906919163e-06,1.62140489277993e-06,3.40537379318933e-06,3.75562242576074e-06,-1.16858182952632e-05,3.58463282971792e-05,3.44199502967385e-06,-5.7610953300686e-06,1.09197015058583e-05,-1.00946698911291e-05,1.29992389410985e-05,-8.81394507703132e-07,7.85757680499564e-05,-6.58818652295323e-05,0.00011139367985719,8.95153133190076e-05,-7.41650300675301e-05,-0.000264516000654383,0.000469730602476633,-0.000465049191075703,0.000219263772176122,0.000157859056637538,1.57957352201158e-05,-4.69068980609282e-05,8.11791615411698e-05,8.08416776829706e-05,-4.13300429933511e-05,1.34276468664103e-05,-8.02420887245491e-05,1.64022842684527e-07,1.65839184057832e-06,1.76905439861148e-06,1.30369607337224e-06,4.32967592682006e-06,-1.01920554127119e-08,1.106719439449e-06,6.07786643252793e-07,3.45629610425653e-07,-5.73775367743402e-07,-3.2526672163259e-05,9.00443323373929e-06,-2.9611671542538e-05,0.000249058548469026,-0.000261401359841449,-0.000127757032588115,1.9927256377648e-06,-0.000109755964111762,0.000140866469314406,-5.39640257102042e-05,7.15932800499966e-07,-0.00278063308324192,0.00562936498287989,-0.000520427545967637,0.00893109598801156,7.55572287613254e-07,4.89421201303598e-05,-8.49385733003532e-05
"east_of_england","beta10",-1.29471434698227e-05,-0.00010143812273782,-2.9018269547299e-06,-3.8050044085192e-06,-9.71194509739674e-07,4.37735423911503e-06,-2.45235927272912e-06,2.28492482567276e-06,-7.888219213146e-07,-6.53523168515077e-07,-8.11380670016936e-07,6.15677949991325e-07,-1.45871705009935e-06,1.62292453559946e-06,-5.10855964471492e-06,1.0930576962904e-05,2.60622274712736e-06,-1.15814017870547e-06,3.03632702134043e-06,5.40703940006899e-07,-2.16849725337216e-06,2.15575877766066e-06,-4.22913419647636e-06,4.90763073419997e-06,-5.23768956564431e-06,7.33114176453263e-07,-1.85648299564334e-06,-1.06864820143049e-06,-6.23112710215724e-07,-1.36223911564058e-06,-1.14489534081578e-06,-6.85689916457409e-07,3.15852975469691e-07,-3.43844826599096e-06,8.82869751009039e-07,2.13599740463204e-07,-8.30959543669962e-07,-7.37075093740634e-07,1.83691339286055e-06,-3.74838101277563e-06,-2.84027038061919e-06,1.85039770303401e-06,-4.04254835456105e-05,-2.77422810788129e-05,-2.34937317381541e-05,6.04936376313218e-05,-7.49607724621185e-05,0.000144727848317691,-5.66669121385179e-05,-4.78047515912732e-05,-1.76514374981776e-05,1.58968329284864e-06,-2.80785890655086e-05,-2.90350399148879e-05,4.54256256641447e-06,-3.15735837069575e-06,-9.47460831429879e-05,1.97369388158614e-08,-5.26297092754568e-08,-1.70093839762301e-07,-2.11214523424633e-07,-9.7844209000229e-07,5.91812873253296e-08,-2.13926938646987e-07,-1.15382466414332e-07,-1.19451694346839e-08,7.72887598116919e-08,-3.80720181485752e-05,0.000308360399305569,-7.12602157764788e-05,3.75981888804463e-05,0.000101107403269412,1.01725695675424e-05,-1.39440975102922e-06,-2.34601529868588e-05,3.93469797159187e-05,-2.65655871909432e-07,2.88862525268114e-07,0.00281719157224585,-0.000284187229160076,0.000811329894954129,-0.000256670786643921,2.41759401021632e-05,-2.34617664854539e-05,4.1390127592252e-05
"east_of_england","beta11",-1.14124863149184e-06,-0.000284105352265944,3.80337807872869e-05,-1.51113497289161e-05,-7.82955155117119e-06,-2.45235927272912e-06,1.68213505766896e-05,-6.24587519545707e-06,-9.08259490167256e-09,-3.89214611079294e-06,5.52133927583347e-06,-1.19029748284372e-06,7.78402777373477e-07,-3.60389469664738e-06,3.18902907538234e-06,-4.7291925482575e-06,-2.08318207627831e-06,-2.71775645754801e-07,-6.45878989422827e-06,1.43589958870952e-05,-5.08381544230995e-06,1.85254499452228e-06,-8.68684275769136e-07,2.17926743156349e-07,-3.20093350445141e-06,6.43284256245061e-08,1.42675344461883e-06,-1.18474728067583e-06,-1.28140419870645e-06,-6.46392480682372e-07,-2.92540244854678e-06,-3.38393170914429e-06,1.04286662208216e-05,-3.96131362261857e-05,-5.67503863627451e-07,2.38917853973398e-06,-1.01735845595753e-05,9.59625234097453e-06,-1.14135777032818e-05,7.89546822062463e-06,-0.000356709171734206,2.90303065725379e-05,-0.000133104731321949,-2.26026043956727e-05,9.91251359451063e-06,1.62160698047908e-05,5.87223327584534e-05,-7.53248350152436e-05,6.98616187020812e-05,5.84936413354534e-05,-1.973900104744e-05,-1.60406975211056e-05,-0.000128435856417669,5.01914692042804e-06,-3.18543846004284e-05,-9.50075555594244e-06,4.40000784028418e-05,-1.01397637379153e-07,9.50171836300018e-09,-3.90297269883461e-07,1.59338500203398e-07,-1.67999204327568e-06,-7.40853493675575e-08,-5.03359718133821e-07,-2.99639805171653e-07,-1.48293646350431e-07,2.69447004699803e-07,0.000253143329977642,-0.000131607770958489,7.83965675783161e-05,-8.35280583802993e-05,0.000210870696757043,-5.45035897422984e-06,-1.97657907847148e-05,-6.96696130904758e-05,4.27129895679091e-05,9.91061456147832e-05,-1.18166256449137e-06,0.00172948333138075,-0.00176042519350346,0.000978266796801271,-0.00350706719196311,3.62681276597575e-06,-1.9445653023554e-05,6.70244979877965e-05
"east_of_england","beta12",-1.16263838996591e-05,-2.3486348894204e-05,-2.15831448351176e-06,1.08502004784585e-06,2.96558529125896e-06,2.28492482567276e-06,-6.24587519545707e-06,8.12715129174277e-06,-3.90626610601968e-06,2.75856846167261e-06,-1.11650884193423e-06,-2.67418301603686e-07,-3.15549632023777e-07,-2.89236338826235e-06,-2.98006515669649e-06,2.09128933281565e-05,2.04709576865957e-06,-9.22917958634846e-07,2.23153567394492e-07,-2.40532181152032e-06,3.59954270399925e-07,-6.38788482607646e-07,-1.11175236858106e-06,2.23588416122874e-06,-7.8255620851106e-07,2.88830127722823e-07,-3.2088332543211e-06,-6.68167161862195e-07,6.39522282997659e-08,-8.86221949181193e-07,2.60506820762359e-06,5.97619394624681e-08,-1.38755882952563e-06,6.29673321439424e-06,1.88659653234725e-06,-7.18340654284801e-07,1.64502300678855e-06,-3.51439282180979e-06,4.09695889817961e-06,-8.48749810622939e-07,0.000203466607590866,-2.13545737222398e-05,-2.55681666670987e-05,3.86280829324215e-05,-2.08712598338949e-05,7.54371008507121e-05,1.08836257014425e-05,9.43037220028696e-05,-7.04034218626966e-06,1.51393766333252e-05,-1.79717363971434e-06,-1.34348241367611e-05,-2.26376656700353e-05,-1.72767646682762e-05,-3.27840524784037e-05,-6.47795713866615e-06,6.56313895166294e-05,-4.89583736584993e-08,2.34976115209103e-07,3.50049903588023e-07,1.43422896024066e-07,-7.87264838729282e-08,-7.35994226704288e-08,-3.11697196321342e-07,-3.70599196118078e-10,-3.69629527331197e-08,-4.99186108857518e-07,-0.000133896291366084,0.000233857224374284,-0.000118177428500201,0.000116490172406475,-2.44558539965722e-06,4.60613768525687e-05,-5.66145902691322e-05,0.000161184614066925,-5.72113686384889e-05,-8.43408498691233e-06,1.86301641074387e-07,0.00369545469405265,-0.000281415474847623,-0.000132165792206717,0.00154996374627981,4.05684548809965e-05,-1.99967108302899e-05,-1.38943409369475e-05
"east_of_england","beta13",7.2647263139136e-06,9.52034716224754e-05,-1.69600576878969e-05,3.73253429728285e-06,-1.94924811904205e-06,-7.888219213146e-07,-9.08259490167256e-09,-3.90626610601968e-06,3.88050711704801e-06,-3.85629203750558e-06,5.64936161592071e-07,9.38388138128165e-07,-5.1654118696725e-07,3.37416112368306e-06,-1.2537262804969e-07,-1.98352977520723e-05,-8.72818104504475e-07,-9.80843896140482e-07,3.455214290136e-06,-3.25926323277226e-06,-6.05689007750167e-07,4.64749794691958e-08,-1.46608174076802e-06,-8.94175944582818e-07,-1.81907179676577e-06,-3.25446811333267e-07,2.32952146176431e-06,-1.22066562295519e-06,-5.8639896238144e-07,-3.7985269625256e-07,-7.61285954468498e-07,2.57847697970357e-07,-2.53042440609924e-06,8.96493467176117e-06,-1.29031299451827e-06,-3.56915808144634e-07,3.71473511882794e-06,-1.92777283713199e-06,-3.66269123974415e-07,-2.28722124980186e-07,4.72626907512431e-06,5.14239955358272e-05,7.6874837329843e-05,-8.76212521564929e-06,-3.63521379067126e-06,-9.69303006700811e-05,-1.48637902174549e-05,3.71153419694606e-05,-3.30587083166528e-05,-8.48910788319022e-05,1.0770879628865e-06,1.34052319794401e-05,3.90254989698648e-05,-5.42552414529413e-05,2.81067880613476e-05,6.43767722984631e-06,-5.4983954948685e-06,1.30028843236817e-07,-3.7148608752503e-07,-3.47737971251913e-07,-2.22379883129046e-07,1.0568222001805e-07,1.3124882628744e-07,1.76093870488565e-07,6.22523062658985e-08,9.25316159157302e-08,2.95993587789663e-07,-2.39270145024456e-05,-9.93903433801532e-05,5.44237333977578e-05,1.31479214015057e-05,-8.70723252611971e-05,-1.38281403806161e-05,4.39110183379281e-05,-8.49008552895313e-05,4.63751057445018e-05,-1.65830418539547e-05,2.70629060768749e-08,-0.00233524832772309,0.00201648241107808,-0.000344411658517714,-0.00127129613958417,-2.63458699397248e-05,5.96335252660294e-05,-1.86228964449245e-05
"east_of_england","beta14",2.67567586197982e-06,2.53792166630582e-05,2.10460416312514e-05,3.33628631266035e-06,1.02008048926921e-05,-6.53523168515077e-07,-3.89214611079294e-06,2.75856846167261e-06,-3.85629203750558e-06,1.19376148136761e-05,-4.55646550432019e-06,-6.19484748936409e-07,2.5196620352345e-06,-1.51861573027144e-06,5.06773646635918e-06,2.18268765111047e-05,8.98643926788896e-07,4.55986792849665e-06,-2.45024420592541e-06,-1.58888690668283e-06,6.08428361462367e-06,-7.85615662943429e-07,7.07598289419575e-06,4.99446082648064e-07,1.12925304952365e-05,1.08759009291503e-07,-2.46906938128322e-06,6.83267677440297e-06,3.93391428862498e-06,2.68150410776714e-06,7.95412910886742e-07,3.40409001451921e-06,-1.4786886401582e-06,2.61274422453857e-06,1.20276256796979e-06,6.28095708974869e-08,-2.58449621563697e-06,-5.63133451845467e-07,6.36669535118581e-06,-1.63518906137844e-06,-3.34486784298098e-05,-0.00014453786593052,7.78799978238503e-07,3.57657490254401e-06,7.41986529230308e-05,4.2036222296229e-05,9.98090621807861e-05,-0.000261933272339022,8.29665679465085e-05,0.000130924769434731,1.74665630180983e-05,-5.28823269576516e-06,1.1539407733022e-06,0.000134008680897785,-1.57807407068879e-05,2.85957771475337e-06,-9.66147050566512e-05,-1.04761783249111e-07,8.83590015105127e-07,1.01661437671033e-06,4.84043306494764e-07,1.6418124528773e-06,-1.08258391838637e-08,3.43212833836531e-07,1.15043146721164e-07,5.65821824081799e-08,-9.79322798041634e-08,5.79307421889256e-05,1.35209041513935e-05,-4.32474837623223e-05,-0.000175209774028199,1.96044178272274e-05,-4.66749648388129e-05,1.14530230833281e-05,1.10895281073342e-05,-5.2871784722601e-05,-4.29939574850057e-05,3.11242128831631e-07,-0.00291544057200176,-0.00128843661322172,0.000836320746521197,0.00474825959974592,-3.08431860715444e-05,-7.17489341665617e-05,1.58677047715791e-05
"east_of_england","beta15",8.62660730517336e-06,-0.000156147287821725,-4.82270035555656e-06,5.74215952010753e-06,-7.45153511751108e-07,-8.11380670016936e-07,5.52133927583347e-06,-1.11650884193423e-06,5.64936161592071e-07,-4.55646550432019e-06,1.11140139691067e-05,-9.18749649391413e-07,1.56338364590116e-06,-4.54768458470629e-06,3.9213223407946e-06,-7.4878821621157e-06,-3.31948975432237e-06,1.95348786448985e-06,-3.70169726753963e-06,6.26026040702785e-06,-1.24140344885487e-06,-1.00991584734231e-06,1.84388582111925e-07,1.47545255601211e-06,-4.64324705542666e-06,3.20788739258726e-06,-2.52237475013653e-06,-3.20877103512472e-07,-1.95301354634757e-06,-1.75944545915781e-06,1.3245307843663e-06,-4.30468085721252e-06,5.24483427423056e-06,-1.80781357405736e-05,2.2187701635645e-06,-1.59852530637389e-06,2.29850981788335e-07,1.96245924216289e-06,-4.36634212249691e-06,6.47194181557276e-06,-4.0892213709586e-05,2.42423429988848e-05,-4.1543418077957e-05,3.25263317758027e-05,-7.2668314367995e-05,-0.000141450776873479,0.000170771200024686,0.000159070969994437,4.21705002349713e-05,3.2412055560373e-05,-4.94061747830666e-06,-3.87023602864774e-05,-0.0001510385872634,-2.37256205675576e-05,-6.94018307952413e-05,-1.35996836820461e-05,4.5530497309641e-05,3.70032049489834e-09,9.06199172283683e-08,5.39709083380436e-09,3.49586921833447e-07,-1.07837956378931e-07,-1.0812447963116e-07,-2.97942770813673e-07,2.11379952729794e-07,-1.04386840083387e-07,-4.45511871620116e-08,-2.34234352500304e-05,-3.30632926946679e-05,8.72046420704267e-05,8.75132102611434e-05,-0.000138035366909525,0.000176790357961887,-3.15087936398108e-05,0.000136326854384716,-5.57528719920989e-05,7.09654770803319e-05,-4.69227444842822e-07,0.0004803103385492,0.000796674796929111,0.000772446073308427,-0.00220066622784162,-4.23287273869521e-06,3.53061449765436e-05,4.38985576807989e-05
"east_of_england","beta16",-1.35721993718432e-05,-4.31200550280517e-05,-6.57015285552833e-06,4.91596767430815e-07,-2.87331382480689e-06,6.15677949991325e-07,-1.19029748284372e-06,-2.67418301603686e-07,9.38388138128165e-07,-6.19484748936409e-07,-9.18749649391413e-07,1.31355540996488e-06,-9.89614187482686e-07,3.51819595380258e-06,-2.89001557469488e-06,3.00656305714486e-06,1.63661959000041e-06,-8.23400213387159e-07,3.51345193003409e-06,-2.91935209747637e-06,-2.32401836268177e-07,1.38755465772602e-06,-2.90650707456401e-06,2.99286634263517e-06,-3.08689921255024e-06,2.09000729299852e-07,3.47100210273035e-07,-8.2149992618443e-07,2.51878845805719e-07,-6.67977484162201e-07,-1.1151848973767e-07,-9.39049105338423e-08,-3.53289594834837e-07,1.94854620365373e-06,-4.30953024486697e-07,4.01599972300744e-07,1.27694873309195e-06,-1.91381506955529e-06,1.28347854778427e-06,-7.18004633281568e-07,2.30157660652797e-05,8.1098648146088e-06,1.58132739282853e-05,-1.91665416021726e-05,1.76237552791087e-05,1.36988003271783e-05,-6.86906425401631e-05,9.03284205792997e-05,-5.09269881061343e-05,-6.21204319892686e-05,-6.92050293819233e-06,5.71086032712385e-06,-2.31580815699156e-05,-5.53889903173611e-05,1.15630500466456e-05,9.54460193379586e-07,-1.35217523508926e-05,4.72436530813557e-08,-2.62982687582975e-07,-1.73646193626775e-07,-2.422198110743e-07,-5.45768294503393e-07,1.60519024557744e-07,-1.31754275998773e-07,-5.44201686280915e-08,1.10345502515881e-08,2.3151381300269e-07,-3.45551981404404e-05,0.000144670721951116,-2.37990015719378e-05,-4.17504135978265e-05,2.25322854599346e-05,9.95987446876963e-06,4.02841931842935e-05,-1.18323354040885e-05,1.39050547890007e-05,-1.83799811465479e-05,3.34227815390425e-08,-0.00111986745485175,0.00026536610494174,0.000231713616728052,-0.000893979185849207,-2.06431736462392e-05,1.69925093448587e-05,8.20386758925051e-06
"east_of_england","beta17",2.23271779843572e-05,4.92151535159228e-05,5.24112072387131e-06,3.83107864432718e-06,6.1393478894725e-06,-1.45871705009935e-06,7.78402777373477e-07,-3.15549632023777e-07,-5.1654118696725e-07,2.5196620352345e-06,1.56338364590116e-06,-9.89614187482686e-07,2.27501634379619e-06,-3.1394116241458e-06,5.51142216918169e-06,-8.77374047879094e-06,-1.87036836211156e-06,1.27883644502074e-06,-6.78307767077037e-07,5.08041832227043e-08,2.07972584436778e-06,-1.84896811372055e-06,4.43315434965517e-06,-2.16023705641987e-06,5.30959018823459e-06,5.98754552436551e-07,-6.12610259670172e-07,2.41559482036726e-06,1.13358111536982e-06,7.95926824518393e-07,8.702201904006e-07,7.81778909010705e-07,-6.07878220351186e-07,1.89477205690616e-06,9.10032767374389e-07,-1.49731088635353e-06,1.41829007899703e-06,-7.71575658186988e-07,1.36899825834331e-06,1.72152037585161e-06,-4.29826102126475e-05,-1.52429117508673e-05,4.30102357212966e-06,1.82535935341813e-05,-1.08554202814871e-05,-6.41246122985868e-05,0.000143723345623314,-0.000149046983905091,7.17099932633765e-05,6.99868631764232e-05,5.8884967155309e-06,-1.57416476750273e-05,-3.77411333813597e-06,3.32846256897194e-05,-2.13108552047563e-05,5.00418171027246e-06,2.88718833489735e-05,4.14004003048573e-08,4.24122434185136e-07,4.17658375043621e-07,3.97646512556951e-07,1.09594994515198e-06,-3.69241408428399e-08,2.30662274471979e-07,1.53872308947734e-07,3.92216492880485e-08,-1.11504683006226e-07,6.72268986993155e-05,-8.99653630172686e-05,3.63691954271616e-05,1.02521080930171e-05,-8.43318936825039e-05,-3.03519243442224e-06,-7.11037938072247e-06,-2.91300752355028e-05,5.88263654457673e-06,8.98708890312292e-06,-3.91862830990671e-08,-0.00150458059864249,0.00102601187163832,-4.82005908634394e-05,0.00152498954167824,-1.30645752988605e-05,9.83671555129564e-06,-1.59136080566541e-05
"east_of_england","beta18",-3.77003476695748e-05,-5.18744079864758e-05,-1.61898293940096e-05,-1.95524170386274e-08,-8.39081472724431e-06,1.62292453559946e-06,-3.60389469664738e-06,-2.89236338826235e-06,3.37416112368306e-06,-1.51861573027144e-06,-4.54768458470629e-06,3.51819595380258e-06,-3.1394116241458e-06,1.22649602111065e-05,-8.25267196604294e-06,7.2923161775216e-06,4.30255163513057e-06,-1.62317434767023e-06,9.8982509075084e-06,-8.20032446755351e-06,3.33885475976427e-07,4.20440100577146e-06,-6.13373917748e-06,5.17599251152703e-06,-6.17451154355127e-06,2.47744584892199e-07,1.82435793510796e-06,-1.63160292249975e-06,1.18590772838662e-06,-5.29003410239663e-07,-1.39066976254875e-06,1.20964393053253e-07,-9.41059051242592e-07,6.96068736008463e-06,-1.96999512672264e-06,1.22258356338218e-06,2.44563414075675e-06,-2.70417911385013e-06,2.65581968299235e-06,-5.61093140169554e-06,2.19324883958349e-05,4.10065852671364e-05,4.46295017371087e-05,-8.00606534082808e-05,5.51022952579089e-05,0.000107530748878659,-0.00029103362197284,0.000174110032976052,-0.000165636698709839,-0.00013669825976243,-6.761321271222e-06,2.94177041192192e-05,3.1106660617045e-06,-9.26031168256024e-05,7.22086421090431e-05,8.29595351879148e-06,-0.000136770692953649,9.17021112614943e-08,-8.09925374403718e-07,-5.97849560216981e-07,-8.91210248264002e-07,-1.33178433312544e-06,4.16594002198905e-07,-9.31121546483684e-09,-1.70699247764794e-07,2.69954077656058e-09,8.07396355900456e-07,-1.54792335765971e-05,0.000216472864003642,-3.25657008927329e-05,-0.000161951690973078,0.000102426893349184,-1.11201993312698e-05,0.000123890256114671,-0.000120558660053061,4.40014829005264e-05,-5.66076455019212e-05,6.40167869850209e-07,-0.00432475703569465,-0.00145195243028323,0.000315475163336039,-0.00213487755258549,-6.25165979987917e-05,1.24656483625335e-05,1.95686432703027e-05
"east_of_england","beta19",5.68605416885656e-05,0.000222805482271864,6.15721307363695e-06,1.05891899025146e-05,1.37879508139453e-05,-5.10855964471492e-06,3.18902907538234e-06,-2.98006515669649e-06,-1.2537262804969e-07,5.06773646635918e-06,3.9213223407946e-06,-2.89001557469488e-06,5.51142216918169e-06,-8.25267196604294e-06,1.61151330846853e-05,-2.87833857287136e-05,-6.93987315034314e-06,4.87786876711211e-06,-7.69546624390593e-06,3.24919260471743e-06,5.14908289816038e-06,-5.63003592779154e-06,1.2993204430285e-05,-9.28277790936128e-06,1.46070686407e-05,6.49823345288052e-07,5.03399608926554e-07,5.82151223292435e-06,2.07498500662038e-06,2.79605127438283e-06,1.45598842292275e-06,2.0811607208003e-06,-1.49022121243731e-06,3.48160814608833e-06,8.56897500343471e-07,-2.40684737242078e-06,1.20563636563569e-06,1.48394520088002e-06,1.5917137644303e-07,4.5347480863099e-06,-0.000121332580424322,-5.19042556451555e-05,6.35895253849613e-05,5.38140223256052e-05,-6.37905560939227e-06,-0.000232476586596917,0.000375658961425264,-0.000419543795353932,0.000206286475019309,0.000180090303041155,3.14978809987979e-05,-3.18521637248791e-05,3.68530498309489e-05,0.000148026171561756,-4.46470619088788e-05,8.32575662023777e-06,7.01650104381459e-05,2.85938263280287e-08,9.85528468063551e-07,9.14143501430299e-07,9.78041854259899e-07,3.18616351883894e-06,-2.35670780473048e-07,7.50574375691562e-07,4.44292388769773e-07,1.10207606879148e-07,-3.35836112882049e-07,0.00012162384791834,-0.000596842424159453,0.000175083581797876,-1.09235741019374e-05,-0.000253342797300794,-9.26020130724525e-06,-3.00233987304274e-05,-2.98870813148984e-05,-3.35158810976071e-05,2.2551363306924e-05,-2.45660938660846e-07,-0.00427685940255293,0.0027195039988843,-0.000487317158954289,0.0035200468990809,-3.02266973119707e-05,2.66905584476874e-05,-4.95784711672156e-05
"east_of_england","beta2",-0.000277735620314032,-0.00124266213965989,9.17920280333342e-05,-3.48171620879844e-05,-2.75424791969569e-05,1.0930576962904e-05,-4.7291925482575e-06,2.09128933281565e-05,-1.98352977520723e-05,2.18268765111047e-05,-7.4878821621157e-06,3.00656305714486e-06,-8.77374047879094e-06,7.2923161775216e-06,-2.87833857287136e-05,0.000272331459008054,1.82333894667188e-05,1.43252307712792e-05,-2.81700812707491e-05,2.1762957068736e-05,1.04784795183929e-06,1.4901816022117e-05,-1.7123634277701e-05,3.66674076636716e-05,-2.34326833756787e-05,3.97194402509121e-06,-1.93842070086655e-05,2.82781954113225e-06,-1.18192189152513e-07,-2.86315850763089e-06,-7.37587991850383e-07,-7.57025949668401e-06,2.21650769116115e-05,-9.7740828894266e-05,4.91545992600831e-06,1.76121456258326e-05,-4.4041225422401e-05,1.89527413177487e-05,-9.6860674201692e-07,-2.98046598266861e-06,0.000241182760789148,-0.000506441536351863,-0.000318312408830784,1.41999601509186e-05,0.000390644829143215,0.00088999445445147,-0.000694635282365452,0.000820318527638845,-0.000238285864394749,0.000129902632635027,2.85069991093141e-05,2.48020097201733e-05,-0.000543430210210792,0.000276561563634332,-0.00010409612815619,-0.000101469460199016,-0.00060623309749292,-1.55681177904154e-06,1.29731141101444e-07,7.44511945609892e-07,-7.89546292252715e-07,-7.43753447686723e-06,-1.56014480676967e-07,-2.72106635559839e-06,-1.15093844913241e-06,-8.23054500501645e-07,1.46782807435204e-09,-0.000623565710796691,0.000659905398217169,-0.000571758686862487,-0.000809893407291574,0.00115138803552591,0.000348042342267423,-0.000109761634955118,0.000982810618392717,-0.000614204799882191,-3.6617557384805e-05,2.90629722498395e-07,0.0112646313353424,-0.0212555716292535,0.00811603088368848,0.000594533563563593,5.47557231812081e-05,-0.000495954639644716,0.000470023619334223
"east_of_england","beta20",-2.55475266398388e-05,-0.000150360919827843,1.16390200296481e-06,-5.64296151384295e-06,-4.15614887403192e-06,2.60622274712736e-06,-2.08318207627831e-06,2.04709576865957e-06,-8.72818104504475e-07,8.98643926788896e-07,-3.31948975432237e-06,1.63661959000041e-06,-1.87036836211156e-06,4.30255163513057e-06,-6.93987315034314e-06,1.82333894667188e-05,4.61989255569089e-06,-2.15009785578045e-06,6.56932455533524e-06,-3.06000019068778e-06,-1.04599630998742e-06,3.36728116589717e-06,-5.49816826332183e-06,6.85897388229974e-06,-5.0424872316403e-06,3.04138664169718e-07,-1.07942604523132e-06,-8.54677121136383e-07,6.54176152249198e-07,-8.24392679289409e-07,-7.16693479767652e-07,2.90869022399171e-07,5.85098196292755e-07,-1.62957457589496e-06,1.55712246274954e-07,7.85072899973818e-07,-4.49913777443647e-07,-2.14789800673478e-06,2.64487060100566e-06,-2.48505892953293e-06,3.4694587873514e-08,-7.74519377703038e-06,-5.60549936199363e-05,-5.00911043714485e-05,1.89058016231828e-05,0.000148648425355107,-0.000166379884190772,0.000135491914865327,-9.33044199971366e-05,-6.39012689231182e-05,-2.29587332716195e-05,1.24252750125975e-05,-3.57547257981576e-05,-7.01708785221333e-05,1.7529050038298e-05,2.61959234821325e-06,-4.01733278412207e-05,2.94145943538405e-08,-2.91210486630276e-07,-2.09402617950463e-07,-3.84627993771479e-07,-1.37306773801525e-06,2.00878613513503e-07,-3.22603803754859e-07,-2.32899125721344e-07,-3.61319939550122e-08,2.40156989298038e-07,1.95210941784653e-05,0.000478419801624626,-0.000111534947633541,-6.85988777856423e-05,0.000144698139381527,-1.06765347853185e-05,3.33948297995082e-05,-4.39445828254423e-05,3.70520004056031e-05,-1.95980502930704e-05,1.58641614464061e-07,0.00086791531087636,-0.00124931744522026,0.000675867667015588,-0.000788856213687381,-3.94539181761355e-06,-2.85683167728062e-05,3.31554862944328e-05
"east_of_england","beta21",-7.66113774808142e-06,1.77412177157468e-05,3.27487434440765e-06,6.49430038840147e-06,2.49524253155025e-06,-1.15814017870547e-06,-2.71775645754801e-07,-9.22917958634846e-07,-9.80843896140482e-07,4.55986792849665e-06,1.95348786448985e-06,-8.23400213387159e-07,1.27883644502074e-06,-1.62317434767023e-06,4.87786876711211e-06,1.43252307712792e-05,-2.15009785578045e-06,7.21701143721265e-06,-1.06306358846259e-05,6.03976382023127e-06,3.67428298226078e-06,-7.64964363336525e-07,5.54650528932109e-06,-8.02071131619049e-07,4.86184966832562e-06,1.03995499110404e-06,-1.24273399772017e-06,4.6749583998695e-06,6.14464862522246e-07,2.1332585864021e-06,-2.86059891870924e-07,3.9611219307536e-07,2.14679285829802e-06,-1.05260980469488e-05,2.24594596282928e-07,1.50938318966193e-06,-5.74568241546885e-06,5.26037098322105e-06,-9.20258520816977e-07,-3.71156814038857e-08,-4.18629195306534e-05,-0.00012184283189213,3.02331365908376e-05,1.97278282519797e-05,4.88834988877994e-05,-7.38554576554733e-05,8.94239915203125e-05,-5.14809420506988e-05,6.42539055588621e-05,8.73929905311415e-05,3.0777803098875e-05,-1.55118878123341e-06,-1.91733677183337e-05,0.000170856922532805,-2.6550229233939e-05,-1.23933824344327e-05,-0.000132854866789227,-2.25007980569746e-07,4.13314591820329e-07,3.94342933069068e-07,2.98269344355917e-07,1.2543302236869e-06,-2.35158790842262e-07,2.52566367471452e-07,2.21338944992655e-07,-2.27143303089605e-08,-6.12392149769756e-08,-5.32612374570974e-05,-0.000350650103321527,8.94852478549717e-05,-0.000157412944527094,-8.47410956023295e-05,8.92086946225169e-05,-2.27525829398508e-05,0.000156558033405514,-0.000163473996092441,-9.02255492595942e-06,4.83737244751227e-08,-0.00215424639568377,-0.00190876604483881,0.000964481966603616,0.00155064327033718,-2.17297310188453e-05,-6.38445589077436e-05,5.31872748994101e-05
"east_of_england","beta22",2.55175100607963e-05,-0.000108607632763784,-2.50962808131063e-05,1.80614796971444e-06,1.98709881090269e-06,3.03632702134043e-06,-6.45878989422827e-06,2.23153567394492e-07,3.455214290136e-06,-2.45024420592541e-06,-3.70169726753963e-06,3.51345193003409e-06,-6.78307767077037e-07,9.8982509075084e-06,-7.69546624390593e-06,-2.81700812707491e-05,6.56932455533524e-06,-1.06306358846259e-05,3.57147360978418e-05,-2.39413818815304e-05,7.80054346870724e-07,3.50824828669423e-06,-8.03821712043471e-06,8.57642643158282e-06,-5.5880218060983e-06,2.62293167281242e-06,-1.52549378937249e-06,-1.76029720190391e-06,3.30630072272236e-06,-2.26256820359758e-06,1.37052871204215e-06,1.16009716782555e-06,-5.28596859383773e-06,3.04043151444501e-05,2.39400618076097e-06,-8.08172842310582e-06,1.92595119983591e-05,-1.62378385259992e-05,1.13751089406193e-05,-4.59984161356809e-06,1.28885533885376e-06,0.000174097860944603,-8.70863941285441e-05,-0.00015303336456936,-0.00010599545540233,0.000209345270068339,-0.000237240104174943,0.000105058377025315,-0.000218110772392416,-0.00012886769938414,-6.73050652539051e-05,7.36794671305514e-06,-2.83516571640024e-06,-0.000320311930211688,7.5937752859445e-05,4.6826485444049e-05,0.000129765729259738,7.20097772574134e-07,-7.02746182671841e-07,-3.02062581333091e-07,-7.14608230069782e-07,-9.80050602660239e-07,8.03251960896817e-07,1.12249644926996e-07,-7.68507851105361e-08,6.74024884260389e-08,8.92223132855883e-07,0.000297109811772882,0.00127148256057339,-0.00015938787741215,5.49254235594266e-05,-4.19474241674466e-05,-7.98732403554745e-05,0.000155707481294701,-0.000468918659370122,0.000319242839455996,-2.35292576724902e-05,1.10891983695916e-06,-0.00390532355957521,0.00287814938306411,-0.000515425170902829,-0.00154520733667705,-5.92233818611653e-05,9.2116805437649e-05,-5.91759592739026e-05
"east_of_england","beta23",-2.45388105692779e-05,-0.000235703003125393,2.80961660200961e-05,-1.71509730547126e-05,-7.68659097559923e-06,5.40703940006899e-07,1.43589958870952e-05,-2.40532181152032e-06,-3.25926323277226e-06,-1.58888690668283e-06,6.26026040702785e-06,-2.91935209747637e-06,5.08041832227043e-08,-8.20032446755351e-06,3.24919260471743e-06,2.1762957068736e-05,-3.06000019068778e-06,6.03976382023127e-06,-2.39413818815304e-05,3.1588621651207e-05,-7.04704890716495e-06,2.76109731888069e-06,1.23542530690673e-06,1.05775148484542e-06,-3.71093069901033e-06,5.05634713616241e-07,-7.31739533003296e-07,9.58852244009415e-07,-2.73001006669718e-06,1.05199977359368e-06,-4.92276600008185e-06,-3.67243269451393e-06,1.37341274593048e-05,-5.74823850033321e-05,-5.13104737681159e-07,6.55680700886268e-06,-2.18585156790286e-05,1.89647200742576e-05,-1.52177052331407e-05,5.16528960861272e-06,-0.000392356006184621,-0.000112881829077607,-0.00011075596761302,2.75665770963602e-06,1.58813491593989e-05,-6.6893940989517e-05,0.000107681622072792,-7.29308420842407e-06,0.000126659011273395,0.000118775305150586,3.23938747620811e-07,-2.38414920669468e-05,-0.000116300801794354,0.000238172185764134,-7.2516044953802e-05,-3.27418350115563e-05,-0.000198370566363159,-4.95373515054266e-07,4.19139381316694e-07,-3.39050954889837e-07,3.09678819800103e-07,-1.43479686490233e-06,-6.28120070619354e-07,-6.20045337817618e-07,-3.14035830590991e-07,-1.90141925815322e-07,-3.72354007850359e-07,6.15229126710741e-05,-0.000572144820351373,0.00012120765047833,-6.62158218138692e-05,0.00028172103394117,9.02760183658375e-05,-0.000128119408075289,0.000150475556159939,-0.000139411317019029,0.000112025631533016,-1.25490547901099e-06,0.0066969803756999,-0.00508930798039224,0.00212896863463958,-0.00231592881392889,6.65553225573029e-05,-0.000145244351938046,0.000143038670872056
"east_of_england","beta24",1.35280020372072e-05,0.000116154109247936,-2.56763239708293e-06,1.13912371015654e-05,7.07558065134097e-06,-2.16849725337216e-06,-5.08381544230995e-06,3.59954270399925e-07,-6.05689007750167e-07,6.08428361462367e-06,-1.24140344885487e-06,-2.32401836268177e-07,2.07972584436778e-06,3.33885475976427e-07,5.14908289816038e-06,1.04784795183929e-06,-1.04599630998742e-06,3.67428298226078e-06,7.80054346870724e-07,-7.04704890716495e-06,7.64146428641196e-06,-2.6798900489769e-06,7.19421127988753e-06,-2.82326653041496e-06,8.56892701187469e-06,1.51080949840532e-06,-9.09548786503542e-07,4.75521146894e-06,2.83798879540988e-06,2.56191446222931e-06,2.44295855079826e-06,2.46781612450745e-06,-2.35693174340557e-06,1.31615264992479e-05,8.30394135038791e-07,-2.50193802219469e-06,3.89085482997137e-06,-2.11077614092461e-06,5.5385501262538e-06,-2.41936452928138e-06,5.20983451136459e-05,-5.78099094924141e-05,2.45917130124155e-05,2.99608602627306e-06,2.29316600990055e-05,9.54527694822273e-06,3.0626727583219e-05,-0.000162942502712226,2.12492753680597e-05,0.000104291591645644,2.76277603181295e-05,1.03100431326344e-06,4.92785936296693e-05,8.86710082714196e-05,9.69466381374518e-06,1.08823631142305e-05,2.11188566439367e-05,2.39818636534748e-08,2.97488140797737e-07,6.12826836722545e-07,2.23856731097029e-07,2.11652592562511e-06,-1.15884277940115e-08,6.4385322818179e-07,3.18799513386117e-07,-3.08672901342928e-09,-6.72519299194148e-08,5.60694988061462e-05,-0.000153255492947548,5.39928835218939e-05,-0.000130721672536376,-0.00018882245468382,3.02294308787857e-05,2.43825549812197e-05,2.35633409837657e-05,-8.6504034131398e-05,-3.04332405565254e-05,6.24856439625025e-07,-0.00513049759384541,-0.00082818109620214,-0.000545991530291502,0.00278289271113423,-4.52224027709088e-05,-2.08073056339133e-05,-3.71181695759028e-05
