"region","name","alpha_admission","alpha_D","alpha_death_hosp","alpha_H","beta1","beta10","beta11","beta12","beta13","beta14","beta15","beta16","beta17","beta18","beta19","beta2","beta20","beta21","beta22","beta23","beta24","beta25","beta26","beta27","beta28","beta29","beta3","beta30","beta31","beta32","beta33","beta34","beta35","beta36","beta4","beta5","beta6","beta7","beta8","beta9","mu_D","mu_D_2","mu_D_3","mu_D_4","mu_D_5","mu_gamma_H","mu_gamma_H_2","mu_gamma_H_3","mu_gamma_H_4","p_G_D","p_G_D_2","p_H","p_H_2","p_H_D","p_ICU","p_ICU_2","p_ICU_D","p_NC_15_24","p_NC_25_49","p_NC_50_64","p_NC_65_79","p_NC_80_plus","p_NC_weekend_15_24","p_NC_weekend_25_49","p_NC_weekend_50_64","p_NC_weekend_65_79","p_NC_weekend_80_plus","p_W_D","rel_p_D_alpha","rel_p_D_delta","rel_p_D_omicron","rel_p_H_alpha","rel_p_H_delta","rel_p_H_omicron","rel_p_ICU_alpha","rel_p_ICU_delta","rel_p_ICU_omicron","rho_pillar2_tests","seed_date_alpha","seed_date_delta","seed_date_omicron","start_date","ta_alpha","ta_delta","ta_omicron"
"east_of_england","alpha_admission",0.000103295077961807,-0.000242184083602212,-0.000134240254136026,1.15920221395515e-05,-1.10104279701802e-05,2.66060126085035e-05,-4.4850677626247e-05,1.02663301582091e-05,-1.00418155748185e-08,4.40720887476754e-06,5.42351451757811e-06,2.89686760307187e-06,5.10199335275949e-06,8.97533750517315e-07,7.21555350348751e-06,6.89195827068437e-05,1.06422185939163e-05,1.38588586942358e-05,1.29052189511403e-05,4.95542757761928e-05,4.49063790014733e-06,1.87066484519857e-05,1.04431466847796e-05,2.05352229664418e-05,2.9263192393146e-05,1.29157228727075e-05,-6.33603515026379e-08,1.55866191295248e-05,2.22998796051215e-05,2.14610981260632e-05,7.17649012095984e-06,1.62231468372212e-05,1.41553126345679e-05,7.13580109369409e-06,-4.75480275052995e-06,7.59437299292986e-06,-6.24408796839384e-06,2.26118040625698e-05,-2.42109148779585e-05,-1.01468376859849e-05,0.000394794587892711,-2.24128283454313e-05,0.000302631062356428,-9.69523405081637e-05,5.50781728972631e-05,-0.000418007519665187,-0.000241362609636992,-1.9777901556037e-06,7.79640827595144e-05,0.000127564011304597,-7.41758535250381e-06,-9.2305765951363e-05,-0.000101447320641782,-4.7994983054553e-05,-6.67594057908306e-05,-2.10694588940938e-05,-0.000370992912032518,-8.79717118163623e-07,-1.10582587273422e-06,-9.80285205858681e-07,2.55954896153176e-07,-3.09467336083028e-07,8.2971326303799e-08,-2.13884053006173e-06,3.36649751746387e-07,-1.45578849560899e-07,-2.03873534743164e-06,0.00021254497236655,0.000119218600707902,-0.000154103271632199,0.000268067901343916,0.00132781232669817,-0.000468202616419343,6.5681217251976e-05,-0.000320678371374614,0.000670206309364584,-0.000203479381782961,-2.00911775851494e-06,-0.0181197173630092,-0.0149892628380099,-0.000983502800923597,-0.00188440010417687,-0.000223430399138017,-0.000540567085064235,6.79958000868474e-06
"east_of_england","alpha_D",-0.000242184083602212,0.00399011205270812,0.0003985384293538,-8.9348868497416e-05,0.000234155853903224,-0.000142508402239682,0.000131442417416702,-4.53390775020021e-05,-5.75151187055173e-05,0.000113629537359805,-0.000101394156327242,-1.62635363053785e-05,-2.63600163649983e-05,-4.05210017220686e-06,1.93400045404072e-05,-0.000668489344610499,-5.64109550604807e-05,-3.1285285665354e-05,-1.22945839198371e-05,-0.00031004310807938,4.31838184564498e-05,-7.90260492228512e-05,-8.28339597059254e-05,2.87113355829692e-05,-0.000208292064973624,1.27054691130561e-05,-1.70733020798759e-05,-5.19371305532559e-05,-6.28975533603006e-05,-2.56870379471189e-05,-1.33209544085694e-05,-4.16470095591238e-05,-1.85143223268866e-05,-0.000138664211682237,4.90920547355125e-05,-5.86948962498476e-05,1.53537372264301e-05,-4.07605294883896e-05,-3.79360618081508e-05,0.000172601843590213,0.00144288010694114,-0.0015257891798842,0.000181021734738297,0.000464509746571371,-0.0019027373292492,-0.00288154998605162,-0.00105288810600343,-0.00185414902999979,-0.000607170129230005,-0.000499508778985175,-0.00011352020484448,0.000472387338371452,-0.00117599192490718,0.00105091396814833,0.000208478490616051,-0.000106216402739046,-0.00257125136314012,8.36371896036145e-06,3.89746879675409e-06,9.21179114609235e-06,-1.90148542951086e-06,8.0287874238936e-06,-1.79481886446093e-06,1.49519102033204e-05,-2.68537230549364e-06,3.82691067463676e-07,4.75633091851546e-06,-0.0053271173988331,-0.0050367852502319,0.00218721868837596,0.00179596828581146,-0.00324223485948126,0.000648902640973483,9.97131418629014e-08,0.000464526410130686,-0.000701922396537564,0.00129662689738454,7.00044910165859e-07,0.0353745549048497,0.0805435880988481,0.00452524813293253,0.0463074687106841,0.00107213808438179,0.00153084434127823,-0.000324594060506864
"east_of_england","alpha_death_hosp",-0.000134240254136026,0.0003985384293538,0.000289637040353762,-3.19818612997181e-05,9.88613029841055e-06,-4.45839683731279e-05,6.99729854561937e-05,-1.34000570582832e-05,-7.40615250439542e-06,3.28656254700418e-06,-1.47561829163094e-05,-3.72257644689537e-06,-8.65259026960119e-06,-3.57055691898357e-06,-5.22351819225746e-06,-0.000102367413463146,-2.19364254418528e-05,-1.70756630160382e-05,-2.41658755288527e-05,-8.79840280976823e-05,-2.45642548982459e-06,-3.23179050974636e-05,-1.75070997806771e-05,-3.10194281465135e-05,-5.20551606187946e-05,-2.04338735523763e-05,1.52197283145133e-07,-2.62514937271611e-05,-3.76873328928865e-05,-3.28219705607434e-05,-1.09793827574517e-05,-3.07937040885241e-05,-2.05786792510701e-05,-2.44292717622238e-05,9.44818152390191e-06,-1.70257715053525e-05,1.39882383231709e-05,-3.97212368095551e-05,3.81418452739346e-05,1.94908328079059e-05,-0.000602795319112802,0.000126575980520803,-0.000460298402954406,0.00031043401546581,-0.000209576208401036,0.000661389972264881,0.0001521664962085,-1.12519176544946e-05,-0.000159455819959199,-0.000241523514038314,1.092888210768e-05,0.000204926926607474,0.000205845322130173,0.000105259326729774,0.000116020351878787,5.87004479768175e-06,0.000166197066270178,1.53692183658132e-06,1.25341438133624e-06,1.65408408404395e-06,-4.4085557057629e-07,1.03430252510218e-06,-2.85177334132572e-07,3.36269558730994e-06,-6.33559082735834e-07,-2.97169320564346e-07,2.81720532343547e-06,-0.000345274993812535,-0.00055968449233065,0.000134425714047795,9.50393349317494e-06,-0.00210912433897961,0.000724223704111082,-8.90140541879319e-05,0.000591009704974158,-0.000996696992633623,0.00038078716563576,2.18698004275224e-06,0.0264735010127332,0.0271482744648622,0.00257917922961469,0.00274974759762523,0.000325559753399668,0.000863428832597369,3.90455957978645e-05
"east_of_england","alpha_H",1.15920221395515e-05,-8.9348868497416e-05,-3.19818612997181e-05,2.33164898679676e-05,1.54977576745278e-06,6.23075460969898e-06,-1.22047775162808e-05,3.37891689645331e-06,2.81898891219891e-06,-1.16292318815616e-05,7.45987805305977e-06,-2.80201141592624e-06,-5.97039453790156e-07,-1.38798244848835e-06,-9.19338528700559e-06,1.42495532029823e-07,9.63454945897541e-06,-4.73251430836377e-06,6.49087997062807e-06,1.86508567226822e-06,1.11336508677908e-06,-2.93274912801388e-07,4.20538278323352e-06,1.49758897329866e-07,5.95635008774557e-06,1.18807914671153e-06,2.14729440308228e-06,5.52411247618393e-07,2.07480532578836e-06,1.77856691564506e-06,-1.78933558356884e-06,8.71219750857208e-06,-4.28215681387355e-07,1.1550378445522e-05,-4.47067293137002e-06,3.71881973767534e-06,2.52392684453878e-06,4.55724606875944e-06,-3.67406462273885e-06,-4.77160593649332e-06,-3.72148527862237e-05,-9.89760753451002e-05,1.94068177309139e-05,-0.000103375044991115,0.000172487141921992,-8.05940967180032e-05,0.000178685939687126,3.88043830332369e-05,9.49977611961922e-05,2.88163981734823e-05,-2.38033208814925e-06,-5.07518509845232e-05,0.000257456108437121,-4.22553194615682e-05,-1.86294707071357e-05,2.44601260089485e-05,0.00042443126539236,-1.97435730940514e-07,-4.6361377909211e-07,-3.46462201661858e-07,6.71906323938662e-08,-1.99020585885748e-07,-2.93881334735873e-08,-8.38355984047187e-08,-1.93610590032169e-07,3.52206519631545e-07,-1.64611695044749e-07,0.000213303177772187,0.000198697319923677,0.000147551577016633,-0.000333295475051389,0.000213780323893308,-0.000180311662166646,-0.000244406539001865,-0.000104169541400037,-3.47261069826509e-05,-4.48832718286724e-05,-2.56588561054842e-07,0.00311752172818973,-0.00123746188060927,-0.00103034071971357,-0.00110706813574213,0.000101839635201363,-0.000145254066484561,-3.90108300132581e-05
"east_of_england","beta1",-1.10104279701802e-05,0.000234155853903224,9.88613029841055e-06,1.54977576745278e-06,2.51933744246908e-05,-7.56750187884902e-06,1.23982796975705e-06,-1.92490709047671e-06,-4.42764627030539e-06,7.8422426676916e-06,-7.06850580001862e-06,-2.8513056511392e-06,-2.22198307123922e-06,-7.75909308349541e-07,-1.2285521654596e-06,-5.67608247458557e-05,-1.40629534086888e-07,-4.14950396828031e-06,2.16321828428686e-06,-2.29974127031209e-05,4.78560423086683e-06,-6.10714295959886e-06,-6.39356496999204e-06,5.58707986248223e-06,-1.5025040890578e-05,1.20170679545192e-06,-1.2249794865694e-06,-2.60461774374981e-06,-5.51484719588342e-06,1.60328822089298e-06,-2.22116521962791e-06,3.77270488154022e-06,-3.5046022404737e-06,-1.75154014307272e-06,2.85069778852919e-06,-3.69163688040231e-06,1.18765489512032e-06,1.55582634586158e-06,-1.01608413402538e-05,1.42572032917535e-05,0.000215471111177077,-0.000232239271663307,5.02965586959366e-05,-3.83918027787009e-05,-9.9127662497731e-05,-0.000315728248220772,3.46913847928609e-05,-0.00023091577928807,1.30252878413976e-05,-1.57520211612339e-05,-2.41178157112551e-05,1.50494518718903e-05,-5.5547191761081e-05,6.30475777660638e-05,6.85441253016252e-06,1.06067816772325e-05,-3.14350081957987e-06,5.12671161136047e-07,-1.8257058859171e-07,5.38160263914037e-07,-3.16288821615927e-07,2.28734504483851e-07,-2.45852571805205e-07,1.32059384300948e-06,-5.31872632123245e-07,2.15654618717201e-07,-4.88899072107739e-08,-0.000347243847714212,-0.000283216290629561,0.000316053991092228,9.06432784372142e-05,-5.25345417955729e-05,-6.50015186219461e-05,-0.000113096645421222,-0.000103221165966828,2.7457023937279e-05,6.95690405727858e-05,-2.89111412699704e-07,0.00285571541845506,0.00578532505402274,-0.000891128416859263,0.00474599450066352,0.000124087807721684,2.6822532097352e-05,-4.93394307548078e-05
"east_of_england","beta10",2.66060126085035e-05,-0.000142508402239682,-4.45839683731279e-05,6.23075460969898e-06,-7.56750187884902e-06,1.14468833648978e-05,-1.66843493845064e-05,4.28225956715885e-06,1.10193756443124e-06,-1.63350191269332e-06,3.60833388203015e-06,8.4826583710459e-07,1.84607144742652e-06,8.76001502824016e-09,9.38741830636445e-07,3.11764849926809e-05,4.29336773051282e-06,4.11227072546154e-06,3.78404540831234e-06,1.9180857767995e-05,2.74823367749512e-07,6.41450649906203e-06,4.69654228892816e-06,4.26051982531233e-06,1.27876770570644e-05,2.99833983176314e-06,6.14992769630785e-07,5.52130228231183e-06,6.99386226209625e-06,6.21101704691843e-06,1.98390280766709e-06,5.66917263081391e-06,4.12173064104743e-06,5.25009108332247e-06,-2.68903129972276e-06,3.63485319496369e-06,-2.08937105257308e-06,7.51029662426644e-06,-6.21960289629246e-06,-7.41666644568407e-06,7.45241045875046e-05,7.54441668329932e-06,8.2468092169202e-05,-3.9541616543554e-05,7.447066530725e-05,-5.50910660327621e-05,-3.09978029475728e-05,4.14153947051577e-05,3.35199712217937e-05,3.92556508629872e-05,2.09140333032459e-06,-3.65058435889512e-05,1.07731721952999e-05,-4.11606829156486e-05,-2.16299057936535e-05,4.11883545901575e-07,1.05999832913705e-06,-4.01832964728539e-07,-3.87362437429704e-07,-4.38295023449365e-07,1.18361690749133e-07,-2.09062134958682e-07,8.61604567688814e-08,-8.16423668061737e-07,1.40765343697894e-07,7.92647855770224e-10,-5.7546581880235e-07,0.000160346293269695,0.000117878059416414,-7.83676746042465e-05,-2.46333914341716e-06,0.000419353637526201,-0.000154508722461812,-7.14182606319741e-06,-0.000112138057516257,0.000179792813876157,-7.88353171757138e-05,-5.34489919423161e-07,-0.00527763512989596,-0.00545627418051329,-0.000509968798181425,-0.00150301197443981,-7.11629084824033e-05,-0.000176703316197068,3.34777615346029e-06
"east_of_england","beta11",-4.4850677626247e-05,0.000131442417416702,6.99729854561937e-05,-1.22047775162808e-05,1.23982796975705e-06,-1.66843493845064e-05,3.31302916142655e-05,-8.50641094955785e-06,1.94329994258703e-06,-2.43032635162673e-06,-1.27984487693725e-06,5.81045123728219e-07,-1.67637870623212e-06,1.85138859948817e-06,-1.3049928339426e-06,-2.90615399760199e-05,-7.42280292398224e-06,-6.15234736657386e-06,-6.06485623973718e-06,-1.88307991642077e-05,-4.69009071794654e-06,-6.67232712557263e-06,-4.67672706199365e-06,-1.12877721043358e-05,-1.29074574988028e-05,-5.96873264669992e-06,-1.09341324125268e-06,-8.11338097107174e-06,-8.15175480077467e-06,-1.26111141200035e-05,-1.22584247326364e-06,-1.32862569110383e-05,-5.75319991599921e-06,-5.78977515656184e-06,3.89240764534563e-06,-4.56261211026574e-06,3.72227153284013e-06,-1.73182271860897e-05,2.09406478976122e-05,4.00532134563042e-06,-0.000251141415152495,0.00012086087126837,-0.00018786292433389,9.76277826287285e-05,-8.04227596025047e-05,0.000287307968618271,5.87554505844994e-05,6.18103793997911e-05,-8.22718940783112e-05,-4.52498617134972e-05,9.24450563402063e-06,4.97173942754381e-05,-4.75275210011771e-06,3.79896974217547e-05,3.1524294593715e-05,-4.04200310434823e-06,-1.7775184347689e-06,4.32114300589889e-07,1.13818944966163e-06,6.42647452920627e-07,-7.69565282539213e-08,-8.5344425528257e-08,7.27202494681191e-08,6.96961457250488e-07,1.67856184641181e-07,-5.52384991308151e-08,1.04729766882559e-06,-0.000132065222331739,4.86001661698189e-05,-5.68063841254621e-05,-6.00612756241534e-05,-0.000781435911457681,0.000369874622056271,9.22555094673992e-05,0.000282253687701726,-0.000378542897373128,9.16617146271006e-05,1.3569319364142e-06,0.00744755595430309,0.00455094499075108,0.001480868578575,0.000125397986407436,3.44220402766182e-05,0.000316903093968086,2.07394057239454e-05
"east_of_england","beta12",1.02663301582091e-05,-4.53390775020021e-05,-1.34000570582832e-05,3.37891689645331e-06,-1.92490709047671e-06,4.28225956715885e-06,-8.50641094955785e-06,2.99446101670039e-06,-9.74890063632822e-07,4.29102502153392e-07,2.71972258910789e-07,-2.52609949820427e-07,3.16261689212751e-07,-8.40265858233878e-07,1.57545531912272e-07,9.25881906026089e-06,1.57728946923918e-06,1.51623132782604e-06,6.64866244785569e-07,3.91480923860171e-06,1.03087586674636e-06,1.08124548060812e-06,1.41923443184838e-06,1.7532533850998e-06,3.13832771841118e-06,1.00424003880494e-06,5.50316083277719e-07,1.72856494423493e-06,1.35816746235778e-06,2.55348248610077e-06,-2.40260428811327e-08,2.94688997596129e-06,1.37768933513409e-06,4.90893935636925e-07,-1.19141941586864e-06,1.00624326714601e-06,-4.56832423220314e-07,4.00149256916149e-06,-4.55105168661541e-06,-1.8410304713068e-06,3.62853816872751e-05,-1.61930579522063e-05,4.09620238238958e-05,-1.88585829804275e-05,3.29639714539032e-05,-4.25728065078819e-05,-1.32226388342388e-05,-1.15545694293696e-06,1.78605132779687e-05,5.59741159262739e-06,1.28411808319106e-06,-1.03549966676667e-05,2.75218662313849e-05,-9.15988177699483e-06,-6.2112554115505e-06,2.56920251748718e-07,5.22022924282294e-06,-1.0793923551536e-07,-2.85802338559835e-07,-1.93531623993098e-07,4.82262722484222e-08,1.56939839391601e-07,-1.22082632400659e-08,-1.67891809174344e-07,-4.84048732488662e-08,5.52402973992949e-09,-1.70137829085226e-07,7.24602031948203e-05,-5.15684726445296e-05,8.22471837181111e-06,-6.57142927738539e-07,0.00017022979087954,-9.23702895905742e-05,-3.35199222370353e-05,-6.07166166938658e-05,8.02030207261467e-05,-1.86545183919918e-05,-3.73508551921943e-07,-0.00128187237804485,-0.000513533165960565,-0.000332269686884945,-0.000327151220042083,-1.35082652041761e-06,-6.7825885521751e-05,-4.19212835651831e-06
"east_of_england","beta13",-1.00418155748185e-08,-5.75151187055173e-05,-7.40615250439542e-06,2.81898891219891e-06,-4.42764627030539e-06,1.10193756443124e-06,1.94329994258703e-06,-9.74890063632822e-07,3.61278314647055e-06,-6.45927015062077e-06,4.43793870635963e-06,3.89325842003683e-07,4.20349018898233e-07,8.52497515473583e-07,-2.09060069688074e-06,1.09071086545889e-05,1.63225010753356e-06,-8.72358724129427e-07,9.21145983262385e-07,6.27366588306398e-06,-2.09096440404124e-06,1.7718334156246e-06,1.9459343255391e-06,-2.27859053598841e-06,4.86707525608534e-06,-4.88219459559759e-07,4.46946996627961e-07,2.35455683295004e-07,1.97537067183457e-06,-1.29034763339938e-06,4.14289901357373e-07,-4.9622328237286e-07,2.60309864239767e-07,3.73631675792597e-06,-1.23227626891727e-06,1.80012006406752e-06,-9.62427971947568e-09,-1.39802372048813e-06,4.69638330648083e-06,-3.86781043891019e-06,-7.82722645314155e-05,4.54027950966869e-05,-3.95072373081577e-05,-1.24094890539344e-05,5.71245805633919e-05,9.58577667946082e-05,4.89450097884694e-05,8.12659087402123e-05,8.01227682597346e-06,9.88256586298778e-06,4.36960704841887e-06,-1.82173640743904e-05,4.00849997107599e-05,-2.90825667499755e-05,-3.45964142202785e-06,4.88720842612646e-06,0.000117398471808076,-1.37691623121926e-07,1.81260742121259e-07,-1.0051629974423e-07,9.89690855980061e-08,-3.51107199627601e-07,1.08507643812167e-07,-3.34360658604587e-07,1.81342272586101e-07,5.92826624152901e-08,7.63611785478081e-08,0.00010450284004596,0.000229683804951502,-7.00500735414295e-05,-0.000125948696846606,-3.083638685242e-05,4.19696362658048e-05,3.45181874956302e-06,3.90149128104565e-05,-7.10648257454627e-05,-2.63460303288861e-05,3.66884088641757e-07,0.000473291445816383,-0.00242645909492371,0.000234339131894566,-0.00120477942144371,-1.43706065126817e-05,-6.99187320165411e-06,4.85227060072551e-06
"east_of_england","beta14",4.40720887476754e-06,0.000113629537359805,3.28656254700418e-06,-1.16292318815616e-05,7.8422426676916e-06,-1.63350191269332e-06,-2.43032635162673e-06,4.29102502153392e-07,-6.45927015062077e-06,1.63760855838551e-05,-1.00691034190068e-05,9.05228787632245e-07,2.53023258446165e-07,-2.09840299879221e-07,7.85314865770726e-06,-1.37591365447372e-05,-5.08739020116913e-06,4.85302798025434e-06,-2.7404080069841e-06,-4.4704379505441e-06,3.27131787507917e-06,-2.56841895897272e-07,-4.11064317700334e-06,6.73158916999079e-06,-7.22387590320556e-06,1.97280346731073e-06,-2.03108819557104e-06,1.46671230943134e-06,-1.37708093655646e-06,4.15680293207211e-06,1.05586231749478e-06,-1.1704065889487e-07,8.27980809705987e-07,-7.96735058260508e-06,3.66569887447349e-06,-3.40913825302224e-06,-2.60708644813325e-06,3.68415754699919e-06,-9.64664034668655e-06,7.88620677250359e-06,0.000213631123224584,-5.39296312689147e-05,9.6236554286369e-05,3.15918780483328e-05,-0.000173433183827488,-0.000186394946289647,-0.000156529427599412,-0.000167533408652629,-3.75019914443891e-05,-8.37681721552413e-06,-1.04468264018532e-05,3.42662520502718e-05,-0.000211247257358551,5.54362856910939e-05,3.46801609532724e-06,-1.68811255663564e-05,-0.000374396782072645,1.92876707247604e-07,-1.70863058807185e-07,2.35729924128655e-07,-2.09943025959287e-07,5.42478970400212e-07,-1.67246271272702e-07,3.8481861166125e-07,-1.95596953882351e-07,-2.14781021823292e-07,-3.41002292489051e-07,-0.000258440562068847,-0.000409349371766073,7.44691839862e-05,0.00036922245440925,0.000121598118061167,-3.61051281193156e-05,0.000103143141126626,-8.01723642974773e-05,0.000219842825367653,3.5142891427569e-05,-6.06567615293783e-07,-0.00431418425076232,0.00242269662206775,-0.000255514895191752,0.00257700873043192,-4.7540051887384e-05,8.47125571014138e-06,3.50981008646115e-06
"east_of_england","beta15",5.42351451757811e-06,-0.000101394156327242,-1.47561829163094e-05,7.45987805305977e-06,-7.06850580001862e-06,3.60833388203015e-06,-1.27984487693725e-06,2.71972258910789e-07,4.43793870635963e-06,-1.00691034190068e-05,7.87185051258062e-06,1.83308772185169e-07,7.05023291632583e-07,8.88130194475595e-07,-3.75015737013842e-06,1.65132645727242e-05,4.17393907708959e-06,-1.65391115075227e-06,4.24145662018199e-06,9.33454984108117e-06,-2.14835067178175e-06,2.94440368058446e-06,4.31288221511032e-06,-2.89624070199181e-06,9.24058083441737e-06,-3.96565291792266e-08,1.10206096682645e-06,1.12432586607848e-06,4.02273574108096e-06,-5.03561206026903e-07,5.79607650838042e-07,1.11086067667094e-06,1.14737843381778e-06,6.13485179700997e-06,-2.49166139304209e-06,2.61419747115139e-06,1.65616899968742e-06,-1.86925974531511e-06,5.96229345649998e-06,-6.82892390989177e-06,-0.000100594914921307,5.29948619647301e-05,-3.23105091447694e-05,-1.54399334450606e-05,0.000108958775791085,9.07575831181084e-05,7.60786457105446e-05,0.000119765628515902,2.01062197410223e-05,2.36992116775151e-05,8.35436236023197e-06,-3.25850407928977e-05,0.000114798906773649,-4.11652810178862e-05,-1.06295942035728e-05,7.62701237608432e-06,0.000165540043317949,-2.39786423180988e-07,1.44576187353625e-07,-1.98710506749883e-07,1.57319994022678e-07,-4.86454870950033e-07,1.6859961695183e-07,-5.41639327276626e-07,2.36119477258201e-07,1.07259113501716e-07,-3.0219084362912e-09,0.000180677550458998,0.000287948436271603,-8.97324232165174e-05,-0.000188859648099717,3.80866982042213e-05,3.78249633147418e-06,-4.30795092542624e-05,3.75933648170257e-05,-8.73333707645542e-05,-4.67451357405127e-05,2.27918416758728e-07,0.000131280994951452,-0.00395654783133936,0.000215221865511991,-0.00204487020134895,-1.67602704712569e-05,-5.35013827945347e-05,3.59508559474452e-06
"east_of_england","beta16",2.89686760307187e-06,-1.62635363053785e-05,-3.72257644689537e-06,-2.80201141592624e-06,-2.8513056511392e-06,8.4826583710459e-07,5.81045123728219e-07,-2.52609949820427e-07,3.89325842003683e-07,9.05228787632245e-07,1.83308772185169e-07,1.00028605623778e-06,6.42281113050787e-07,7.05434768334714e-07,1.7582795617494e-06,7.80718706428852e-06,-8.23989337236298e-07,1.7115897244223e-06,-2.43548647984462e-07,5.04041773115632e-06,-7.09414036470278e-07,1.9388385573685e-06,6.69685929645144e-07,2.4258483817709e-07,2.59963865660131e-06,4.04410348347874e-07,-3.27286746007117e-07,1.10884874552083e-06,1.71953272213958e-06,5.90977833189216e-07,1.05453329867792e-06,-9.46197669449076e-07,1.07527114028627e-06,-6.03956515176101e-07,3.05478912025065e-07,1.49417492322038e-07,-6.93561858610814e-07,-3.02419900817158e-07,1.19660864602471e-06,-1.27120484269957e-06,4.25587959510115e-06,3.8982537896815e-05,4.05842935604624e-06,1.38401477828014e-05,-1.72156125198896e-05,2.77856854550418e-05,-3.63342702483172e-05,2.29761229263502e-05,-1.55653636031831e-05,5.95731819881273e-06,2.52621563212014e-06,-2.09727028992899e-06,-4.20400936251265e-05,-3.75416621852683e-06,-1.87481895422153e-06,-4.94043345078158e-06,-8.02458042417402e-05,-6.45531220041181e-08,1.33683755084685e-07,-1.15210003314176e-08,2.92712067567895e-08,-5.41262314031288e-08,5.75116374282597e-08,-2.3461093605985e-07,1.32491447556726e-07,-6.57865937898094e-08,-7.11958952994611e-08,8.20491138627439e-06,2.64717638205558e-05,-6.12410306596375e-05,5.01771129309961e-05,2.55219653908785e-05,2.60615739926121e-05,5.28856393096504e-05,1.56097237693111e-05,2.35348696275606e-05,-1.11752012468671e-05,3.69566925374016e-08,-0.0017658728238787,-0.00157063832991845,0.000224804716710956,-0.000397439635558956,-4.43211897557006e-05,-4.68645844060142e-06,1.04154397660059e-05
"east_of_england","beta17",5.10199335275949e-06,-2.63600163649983e-05,-8.65259026960119e-06,-5.97039453790156e-07,-2.22198307123922e-06,1.84607144742652e-06,-1.67637870623212e-06,3.16261689212751e-07,4.20349018898233e-07,2.53023258446165e-07,7.05023291632583e-07,6.42281113050787e-07,6.57361445718189e-07,4.01905160692684e-07,1.14718680745922e-06,7.71777966077995e-06,1.57128408764845e-07,1.37187929163256e-06,6.36715488483277e-07,5.36115572626681e-06,-4.01371322742853e-07,2.01338434157647e-06,9.80907574982137e-07,7.45150361566787e-07,3.25332115818543e-06,5.93675170737614e-07,-1.42588946138132e-07,1.42411641342245e-06,1.97897656109626e-06,1.16405232256732e-06,8.99501761506597e-07,2.81808346548951e-07,1.17995430807913e-06,3.49272849901463e-07,-1.36015595460131e-07,5.33483644112289e-07,-5.88486599335797e-07,7.41657439301333e-07,-1.14660095287054e-07,-1.56216992671558e-06,1.62773163439524e-05,2.19715214330745e-05,1.47230257560782e-05,1.66519074249387e-06,6.36892805969073e-07,5.36934361483419e-06,-2.12276053666432e-05,1.49422256278132e-05,-4.76822284970848e-06,1.0403020658809e-05,1.77141727126401e-06,-6.99633799875529e-06,-2.60986954444271e-05,-7.46293804884938e-06,-4.65706518582044e-06,-2.82398791641126e-06,-4.77463373539918e-05,-8.83375575328381e-08,3.90636106763467e-08,-5.51155054373598e-08,3.04848321576966e-08,-7.62436343101069e-08,4.65388120943652e-08,-2.28965721225131e-07,9.53658332860587e-08,-2.74988632180101e-08,-1.14960059586079e-07,2.51966126238788e-05,3.02078480259779e-05,-4.13251594401716e-05,2.51714349062647e-05,7.15215067031015e-05,-5.32749211097647e-06,2.95118859534272e-05,-5.30805362289435e-06,3.79322892239412e-05,-1.76940521525246e-05,-4.97192163151957e-08,-0.00172223610959569,-0.00165197087425161,5.6270996589835e-05,-0.000371729863614692,-3.46168719035843e-05,-2.62049323385395e-05,5.59543962494867e-06
"east_of_england","beta18",8.97533750517315e-07,-4.05210017220686e-06,-3.57055691898357e-06,-1.38798244848835e-06,-7.75909308349541e-07,8.76001502824016e-09,1.85138859948817e-06,-8.40265858233878e-07,8.52497515473583e-07,-2.09840299879221e-07,8.88130194475595e-07,7.05434768334714e-07,4.01905160692684e-07,1.23859700255715e-06,4.22645220168981e-07,2.20449407672669e-06,-3.11121271868579e-09,2.95378653435992e-07,9.4236128761285e-07,3.25614623134912e-06,-7.61827071199506e-07,1.44911848869531e-06,5.61285552553061e-07,-3.38532920075549e-08,1.85381300825527e-06,3.93726906731523e-07,-3.94899929714195e-07,5.46083496730614e-07,1.46856137656431e-06,1.69017484208959e-07,8.29383373138373e-07,-6.69581686324989e-07,3.02512754828663e-07,1.11330347519079e-06,3.84427837035467e-07,-3.76847554575006e-08,6.97778152834093e-08,-1.4627603710435e-06,2.23942664655675e-06,-7.73045074973215e-07,2.99710109095449e-06,1.93484832224633e-05,-4.21055074752442e-06,6.99219750882643e-06,-1.32543615974677e-05,1.07345968191403e-05,-1.71878328318274e-06,1.59875381937703e-05,-1.01837007552404e-05,8.93018797856635e-06,5.49468015807249e-07,-5.03748543250189e-06,-1.91806067121889e-05,-1.42554200843952e-06,-1.79140981659372e-06,-5.34437575128493e-07,-3.53089770032606e-05,-3.72121022964039e-08,1.80409492883785e-07,4.8078820095006e-08,-1.72585694121235e-09,-1.87268210867894e-07,5.70450651722105e-08,-1.42023766964074e-07,1.05855967640866e-07,-1.27514444049095e-08,-5.99724257498008e-08,-1.11629538641143e-05,6.27690763510705e-05,-3.29470404561376e-05,2.2425263162531e-05,-8.99265783498832e-06,3.62685640998083e-05,2.75300277801254e-05,1.44051117969656e-05,-7.23674795048148e-06,-9.01022470821418e-06,1.18310521928212e-07,-0.00110190829974765,-0.00160689795595231,0.000180264357373145,-0.000182597938927992,-3.17899513926495e-05,1.71493148299662e-06,5.368678702262e-06
"east_of_england","beta19",7.21555350348751e-06,1.93400045404072e-05,-5.22351819225746e-06,-9.19338528700559e-06,-1.2285521654596e-06,9.38741830636445e-07,-1.3049928339426e-06,1.57545531912272e-07,-2.09060069688074e-06,7.85314865770726e-06,-3.75015737013842e-06,1.7582795617494e-06,1.14718680745922e-06,4.22645220168981e-07,6.53807551632502e-06,7.70283662279855e-06,-3.70519891258953e-06,5.1728561236644e-06,-1.91083515483828e-06,6.24602002531546e-06,3.62728937336843e-07,3.07521780179075e-06,-7.4766903662929e-07,3.35921304101938e-06,1.60887495033927e-06,1.39354190572653e-06,-1.16804823986514e-06,2.67379310268044e-06,2.17817618995059e-06,2.98447216469269e-06,1.90299297445608e-06,-1.06216617155582e-06,2.42655752664804e-06,-5.2788479985524e-06,1.75544866555003e-06,-9.29724268522306e-07,-2.45845761082619e-06,2.11023133023639e-06,-3.39130352026852e-06,1.46709509746024e-06,0.000105301927435787,3.75659883391699e-05,5.1380021785991e-05,3.10454392380565e-05,-8.551680913365e-05,-3.48793088541084e-05,-0.000131755996826932,-3.57608341681303e-05,-4.02516523708449e-05,3.6977302285578e-06,1.13870129764743e-06,9.46640554975691e-06,-0.000161321490524396,1.44129956513164e-05,-1.29137910291989e-06,-1.64466394477987e-05,-0.000288674089470644,-1.45623921289902e-08,1.09742116921369e-07,5.25977606440498e-08,-2.85145620365048e-09,1.86055093073386e-07,2.8849806652901e-08,-1.9965908185539e-07,1.33278283287849e-07,-1.79116898041444e-07,-2.32266175538423e-07,-8.08753127116642e-05,-0.000145524350940674,-6.97233604990365e-05,0.000217635704216099,0.000113527488710555,7.63708924139124e-06,0.000128033180839729,-1.03721040276217e-05,0.000141198619955541,-5.51464063706958e-06,-2.59711326589109e-07,-0.0045284337786705,-0.00125340685738709,0.000238377529138314,0.000501589824142699,-8.292368714631e-05,-1.2514990240628e-05,1.62382930402375e-05
"east_of_england","beta2",6.89195827068437e-05,-0.000668489344610499,-0.000102367413463146,1.42495532029823e-07,-5.67608247458557e-05,3.11764849926809e-05,-2.90615399760199e-05,9.25881906026089e-06,1.09071086545889e-05,-1.37591365447372e-05,1.65132645727242e-05,7.80718706428852e-06,7.71777966077995e-06,2.20449407672669e-06,7.70283662279855e-06,0.000178858271886932,5.16866315002212e-06,1.8573603241995e-05,-1.26790167498944e-06,7.98484668541284e-05,-8.07156224223978e-06,2.41781867169371e-05,1.79074602195192e-05,9.29732025552503e-07,4.91108889274432e-05,3.2222383470558e-06,1.03663488993506e-06,1.64455074158872e-05,2.21743218398607e-05,1.07191355759757e-05,7.61266852070087e-06,3.44552374463438e-06,1.38548247040984e-05,1.12550528334577e-05,-7.83321376081173e-06,1.24236800661878e-05,-9.87917894949376e-06,1.42345796204626e-05,2.86208030218803e-06,-3.36913428559356e-05,-0.000165941619721126,0.000467256890489603,5.57391680213365e-05,-2.58067130557362e-06,0.000261971323990211,0.00052761355731124,-0.000146007545390891,0.000451920956168086,3.1532884777661e-05,9.21750925278465e-05,4.20567954202501e-05,-9.92084822914981e-05,-8.40255721171192e-05,-0.000204726413576628,-4.40128009402175e-05,-1.90645147155737e-05,-8.81979286300571e-05,-1.67610189937928e-06,-3.53384432457959e-07,-1.81169476903726e-06,6.99581142572694e-07,-7.70751831566344e-07,5.30540465338386e-07,-3.92720486154218e-06,1.18948608155675e-06,-4.89757496724286e-07,-1.08674155368492e-06,0.000929425266441485,0.000758987485499588,-0.000737076228257305,-2.51693973820343e-05,0.000908843903276917,-0.000110680936920171,0.000327704640586358,-5.1711534843192e-05,0.0003666879532228,-0.000272302281918872,-2.48214618637323e-07,-0.0165892919268757,-0.021048977591196,0.000736193612844978,-0.00963225981090569,-0.000392918481950759,-0.000363804316574834,0.000102956427034648
"east_of_england","beta20",1.06422185939163e-05,-5.64109550604807e-05,-2.19364254418528e-05,9.63454945897541e-06,-1.40629534086888e-07,4.29336773051282e-06,-7.42280292398224e-06,1.57728946923918e-06,1.63225010753356e-06,-5.08739020116913e-06,4.17393907708959e-06,-8.23989337236298e-07,1.57128408764845e-07,-3.11121271868579e-09,-3.70519891258953e-06,5.16866315002212e-06,5.43854954553446e-06,-1.74073569389114e-06,5.25522645375267e-06,4.30066438664139e-06,7.93457411038917e-07,1.41045273432957e-06,2.76850842349997e-06,1.40612135155934e-06,4.91228775731958e-06,1.26519137221835e-06,8.18173928356856e-07,1.35219532358215e-06,2.70327444815926e-06,2.21766769431897e-06,-8.19205646894084e-09,4.37465231046344e-06,7.74779827153917e-07,6.3457699347544e-06,-2.16542761810235e-06,2.0334887863891e-06,1.110036084613e-06,2.18174248897261e-06,-2.04859385364375e-06,-2.62542719445284e-06,2.15385931629461e-06,-4.29318693417217e-05,2.42410613208911e-05,-4.18064446700151e-05,7.41407874895604e-05,-6.14901756561132e-05,7.10385543927496e-05,1.21200164358919e-05,4.64103561089995e-05,2.69685056770918e-05,-3.80713992628702e-06,-2.74972783416237e-05,9.47320966472128e-05,-2.10605441902472e-05,-1.40509114771279e-05,1.14428194679941e-05,0.000158488080918642,-1.77147383898393e-07,-3.12832550219823e-07,-1.98249521891729e-07,4.09566347640145e-09,-3.00747704456112e-07,-7.24885807285493e-09,-2.1613875764214e-07,-6.83703244703163e-08,1.20420511801797e-07,-2.68629001344523e-07,9.26022612710884e-05,0.000139516310495486,4.04268226176683e-05,-0.000116216714350579,0.000186832909908971,-9.58593515344179e-05,-9.43773533118166e-05,-6.36145127885012e-05,1.67907915487962e-05,-3.68955602179614e-05,-1.85543622548935e-07,-0.000297351500770974,-0.00204011588701022,-0.000483508189792293,-0.000592723497912679,1.70681438831548e-05,-0.00010163821062946,-1.13045948952084e-05
"east_of_england","beta21",1.38588586942358e-05,-3.1285285665354e-05,-1.70756630160382e-05,-4.73251430836377e-06,-4.14950396828031e-06,4.11227072546154e-06,-6.15234736657386e-06,1.51623132782604e-06,-8.72358724129427e-07,4.85302798025434e-06,-1.65391115075227e-06,1.7115897244223e-06,1.37187929163256e-06,2.95378653435992e-07,5.1728561236644e-06,1.8573603241995e-05,-1.74073569389114e-06,6.88786167018725e-06,-2.69882398498034e-06,1.25680441566985e-05,4.70472613695542e-07,4.8255041918856e-06,1.22418172858512e-06,4.01024596140791e-06,6.12021275318903e-06,2.41227642076681e-06,-4.1522647519147e-07,4.30217018784938e-06,4.27837568064565e-06,4.62580913290527e-06,1.89060475866108e-06,1.79024419743121e-06,3.35762389922384e-06,-2.32413611660245e-06,2.73643269626655e-07,7.54714189310508e-07,-3.43340553918992e-06,5.60375110665531e-06,-5.92990350298257e-06,-5.90296259592098e-07,0.000101908284237811,4.61315689163403e-05,5.83400376046924e-05,-2.49121423631935e-06,-4.97664204923748e-05,-1.67595761463933e-05,-0.000116003712038923,1.01191685132104e-05,-1.63110893931773e-05,5.02212661430571e-06,1.66632015571213e-06,-1.34266498363743e-05,-0.000128182262457856,-1.57420333300891e-05,-6.21998033745111e-06,-1.22255536854687e-05,-0.000200088849790565,-1.29262842770086e-07,6.78863671354177e-09,-1.33504964000803e-07,8.1933663260803e-08,1.96440209517168e-07,5.84306859377425e-08,-4.66958132201972e-07,1.76595558622433e-07,-1.42157166221365e-07,-3.41240899751299e-07,1.7768413629887e-05,-6.19711462001717e-05,-6.75032025857489e-05,0.000151840044537615,0.000238163007381811,-4.1472405924915e-05,0.000101551155512228,-4.88518272144787e-05,0.000170348839435639,-2.63698163002867e-05,-3.16888583538898e-07,-0.0049643436651123,-0.00317898306293746,7.00641990162234e-05,-0.000267520789824735,-8.14363993297348e-05,-7.95972100534054e-05,1.3116518279155e-05
"east_of_england","beta22",1.29052189511403e-05,-1.22945839198371e-05,-2.41658755288527e-05,6.49087997062807e-06,2.16321828428686e-06,3.78404540831234e-06,-6.06485623973718e-06,6.64866244785569e-07,9.21145983262385e-07,-2.7404080069841e-06,4.24145662018199e-06,-2.43548647984462e-07,6.36715488483277e-07,9.4236128761285e-07,-1.91083515483828e-06,-1.26790167498944e-06,5.25522645375267e-06,-2.69882398498034e-06,1.09554092889957e-05,3.21090394290288e-06,1.12233208081978e-06,2.624295112097e-06,2.85070052224033e-06,2.54495495308751e-06,5.69575546218526e-06,2.16896337541348e-06,-8.53376100476511e-08,2.0381809259511e-06,4.65049444622465e-06,3.40670425852211e-06,1.43360473607865e-06,3.17452838127627e-06,1.86485061340389e-06,5.07606022632458e-06,-1.0051416606919e-06,7.43169757206393e-07,2.85325164762357e-06,-1.26007195481177e-06,2.74989063612379e-07,-2.15282088079393e-06,5.31329506622013e-05,-6.21988087192968e-05,4.79485075087077e-05,-2.75428317766027e-06,4.37961951766239e-05,-0.000148714124667493,2.16375518510091e-05,-1.52269525908529e-05,1.70459198617764e-05,4.63245802954495e-05,-4.3710799634044e-06,-1.64409918600569e-05,6.13798442478335e-05,6.64194556815964e-06,-1.77206269647375e-05,5.94773762105637e-06,-2.47733054137615e-06,-1.29941147856809e-07,-1.15297505808746e-07,9.77489584569092e-10,-6.12416060798829e-08,-4.54319447189143e-07,6.18587439815096e-08,-2.19645481476437e-07,2.26024919530381e-08,9.62637756730457e-08,-4.12916421095832e-07,-2.94420277939661e-05,0.000120588825994209,-4.54440305039895e-06,-1.66837387828956e-05,0.000174295059551479,-8.39085459010809e-05,-6.65176300028889e-05,-3.82145864491289e-05,1.81932741207942e-05,-3.77217374325743e-05,-2.97533267027805e-07,-0.00240174175085672,-0.00322190158791379,-0.000245315832500137,-5.00780268141842e-05,-2.21993593006858e-05,-0.000101874199156769,-8.42806475641424e-06
"east_of_england","beta23",4.95542757761928e-05,-0.00031004310807938,-8.79840280976823e-05,1.86508567226822e-06,-2.29974127031209e-05,1.9180857767995e-05,-1.88307991642077e-05,3.91480923860171e-06,6.27366588306398e-06,-4.4704379505441e-06,9.33454984108117e-06,5.04041773115632e-06,5.36115572626681e-06,3.25614623134912e-06,6.24602002531546e-06,7.98484668541284e-05,4.30066438664139e-06,1.25680441566985e-05,3.21090394290288e-06,5.41265219505954e-05,-4.27314492863941e-06,1.87844826102686e-05,1.04097565930783e-05,6.24183983813684e-06,3.26194661146962e-05,5.69526573962353e-06,-2.67749908880123e-09,1.31164920795554e-05,1.84098786766333e-05,1.06842530986561e-05,7.07194317279645e-06,5.93997400148833e-06,9.69491486902709e-06,9.88517606105979e-06,-3.56227851036573e-06,7.30058662309005e-06,-6.07037920868275e-06,1.00082235302339e-05,-2.92197953777269e-06,-1.63138516965428e-05,9.00053702421785e-05,0.000187484443592889,9.93378588141128e-05,-4.95483842890108e-05,8.03282621947228e-05,0.000115152666263303,-0.00012396138577903,0.000191077460928352,2.6860881666178e-06,9.13133306433549e-05,1.1639513641772e-05,-9.02881702287038e-05,-0.000148657487671496,-0.000104837425423047,-4.23053495409633e-05,-1.32539126528051e-05,-0.000183555021594909,-8.99275893523201e-07,2.07443787857705e-07,-7.51852528168013e-07,3.42207627111188e-07,-8.11538892444599e-07,4.14386251088559e-07,-2.26369994382239e-06,8.1522469401023e-07,-1.33234952045064e-07,-1.06514080790063e-06,0.000381021434513715,0.00048575511958346,-0.000341714646283972,4.66045338117907e-05,0.000727899085902762,-0.000100084225837047,0.000202026604473868,-8.61803987282559e-05,0.000320988228657123,-0.000184655642582478,-3.16364001696956e-07,-0.0133629541585439,-0.0167452062867713,0.000107832536620814,-0.00432362241115832,-0.000267024893580769,-0.000302798139204941,4.19204054244849e-05
"east_of_england","beta24",4.49063790014733e-06,4.31838184564498e-05,-2.45642548982459e-06,1.11336508677908e-06,4.78560423086683e-06,2.74823367749512e-07,-4.69009071794654e-06,1.03087586674636e-06,-2.09096440404124e-06,3.27131787507917e-06,-2.14835067178175e-06,-7.09414036470278e-07,-4.01371322742853e-07,-7.61827071199506e-07,3.62728937336843e-07,-8.07156224223978e-06,7.93457411038917e-07,4.70472613695542e-07,1.12233208081978e-06,-4.27314492863941e-06,2.72960304842324e-06,-1.04231931038367e-06,-7.14852113405008e-07,3.23313403725098e-06,-2.63123517538942e-06,1.32689338833958e-06,-4.33962910334872e-08,4.10966614186496e-07,-3.85794601723368e-07,2.47393835479269e-06,-4.70738520175632e-07,2.6851320494763e-06,1.6727286183712e-07,-6.50885571795715e-07,2.10173262465964e-07,-6.4954622122002e-07,-1.04803190468373e-07,3.02794118110143e-06,-6.18164679813116e-06,3.55716380116941e-06,8.03923174806706e-05,-6.45721622826127e-05,4.37691979708211e-05,-1.20574618843169e-05,-3.07435141201171e-05,-0.000123433168909183,-2.2052846465232e-05,-6.67781158340713e-05,1.63081896955402e-05,-2.22804656284188e-06,-7.59377367707633e-06,2.74043407981885e-06,-1.29757995786019e-05,1.3874461305477e-05,-2.00708781226445e-06,7.10700098235231e-07,-3.02870567841765e-05,6.9093804365687e-08,-3.1164215463979e-07,9.11491549790446e-09,-7.82395030858216e-08,2.01947643419407e-07,-1.08418284658238e-07,2.07194864928454e-07,-1.89660835269162e-07,-8.80884589290745e-09,-1.97315758225922e-07,-7.00118136349077e-05,-0.000128379310085973,8.46150773392623e-05,7.12906334272254e-05,0.000116525028971722,-7.77875046662215e-05,-3.51786769342353e-05,-6.55806563095398e-05,7.42162351743811e-05,1.15596411380195e-05,-3.66947179147223e-07,-0.000579380897757303,0.00126879264537891,-0.000371188231270013,0.00103027627694028,2.35288611847624e-05,-4.38458369635896e-05,-1.04660805952729e-05
