"region","name","alpha_admission","alpha_D","alpha_death_hosp","alpha_H","beta1","beta10","beta11","beta12","beta13","beta14","beta15","beta16","beta17","beta18","beta19","beta2","beta20","beta21","beta22","beta23","beta24","beta25","beta26","beta27","beta28","beta29","beta3","beta30","beta31","beta32","beta33","beta34","beta35","beta36","beta4","beta5","beta6","beta7","beta8","beta9","mu_D","mu_D_2","mu_D_3","mu_D_4","mu_D_5","mu_gamma_H","mu_gamma_H_2","mu_gamma_H_3","mu_gamma_H_4","p_G_D","p_G_D_2","p_H","p_H_2","p_H_D","p_ICU","p_ICU_2","p_ICU_D","p_NC_15_24","p_NC_25_49","p_NC_50_64","p_NC_65_79","p_NC_80_plus","p_NC_weekend_15_24","p_NC_weekend_25_49","p_NC_weekend_50_64","p_NC_weekend_65_79","p_NC_weekend_80_plus","p_W_D","rel_p_D_alpha","rel_p_D_delta","rel_p_D_omicron","rel_p_H_alpha","rel_p_H_delta","rel_p_H_omicron","rel_p_ICU_alpha","rel_p_ICU_delta","rel_p_ICU_omicron","rho_pillar2_tests","seed_date_alpha","seed_date_delta","seed_date_omicron","start_date","ta_alpha","ta_delta","ta_omicron"
"east_of_england","alpha_admission",0.000224843597278097,0.00139356034942349,0.000141949498283638,-4.47887980992723e-05,-2.94281543656837e-05,-8.81885051774482e-06,1.14393258926792e-06,-7.8864646539237e-07,-1.10583855948101e-07,-1.49634708119753e-05,3.28934975300839e-05,-2.45377266635979e-06,4.41186753112312e-06,1.75056926429991e-05,-8.64342243117391e-06,0.000162358135409942,2.65187513384507e-05,-2.45723979630666e-05,5.19505380912157e-05,6.24402847948615e-06,3.56261362033651e-06,1.06789873161057e-05,1.97597005500697e-06,2.96525720289783e-05,-1.18006299457417e-05,2.55874624170087e-05,-1.39274114712096e-05,3.25537982555819e-06,1.80595103752203e-05,-8.83237479740157e-06,1.95146039137743e-05,-2.41484841981859e-05,2.66337174381475e-05,-3.60447353556872e-05,4.83581543125449e-06,-8.9237272250526e-07,-1.44402508836561e-05,2.84959650757551e-05,-2.69581024860764e-05,-4.39494631472527e-06,0.00152084673133047,9.33562827704063e-05,-9.60425713109712e-05,0.000303801902153273,0.000559654744504459,0.00103201414533839,0.000164852043400391,-9.38404973606439e-05,0.000125383658011787,-0.000380096066741067,2.25607837326794e-05,0.000280720385841182,0.000408669069567037,-0.000590265650094855,0.000236755602581042,-8.55991717821354e-05,-0.00111908316626883,3.63986105572332e-07,-4.83394217167228e-07,-1.7744314791754e-06,-4.74803117224769e-07,-5.44061640984872e-06,1.60365096047081e-06,2.16203878339027e-06,-6.56242426820265e-07,4.52573515441134e-07,-2.260758744866e-06,-0.000118759544177426,0.000865396961731576,-0.000803201356020181,9.37131105976759e-06,-0.00130397194905322,0.000215838482813613,0.000364831592452553,0.000841452931722402,-0.000492210135675864,-0.000140321324516618,-1.01624337006638e-06,-0.0156505107070057,-0.00320146505253536,0.00105723956206736,-0.00133733208410588,-0.000242695043877869,-0.000132192483424688,7.10626550607858e-05
"east_of_england","alpha_D",0.00139356034942349,0.0165616028928502,0.000900677550756681,-0.000253259650344479,-0.000212698459243356,-0.000121743358379926,9.07477004816074e-05,-0.000111035241298087,9.28896005625614e-05,-0.000223936530418589,0.000247336953843213,-1.10934591510896e-05,6.2581186801374e-06,9.97358080970016e-05,2.83688218658368e-05,0.000799866282901988,0.00017515717539468,-0.000236671221037512,0.000482847705579004,-4.70893183836596e-05,1.63572277811395e-05,5.30244303854638e-05,1.74649494378657e-05,0.000195833980377309,-0.000229700045531272,0.000305422193230928,-6.79584924559752e-05,-4.55354330677366e-05,0.000102368752844356,-2.69973172786335e-05,0.000125056981950602,-0.000114427931835958,0.00018392258887212,-0.000241556331313364,4.01443011156221e-05,-4.72012194814338e-05,-9.77306996223539e-05,0.000285214130240107,-0.000388924437347411,7.44181934090519e-06,0.00766816966318537,0.00221690411712475,-7.53817493256485e-05,0.00071484682818133,0.00445332885917527,0.00395480286135623,0.0018141772722625,-0.00191354256587709,-0.00048905968321016,-0.00448115878550116,0.000157211293470481,0.00377442497179656,0.00524232373296708,-0.00666634395207158,0.0032475718337115,-0.00119214300374556,0.00110293205821716,-7.32486957841189e-06,-3.90820294799821e-06,-1.33478108675899e-05,-1.58012733765165e-05,-3.83748478465908e-05,1.74018074175312e-05,1.13385396288256e-05,-5.51914360922504e-06,-3.63138679979965e-06,-7.10207190658091e-06,0.0016497905553655,-0.00277745863869756,-0.00468098185753338,-0.00119649032223845,-0.0121595869480529,0.00273109909399706,0.00112105609832449,0.0111984828589522,-0.00993733043237228,-0.000585305426818567,1.96846454765228e-05,-0.10918985208211,0.0912970884479644,-0.0258305221219726,-0.000557909338989729,-0.00210302559169284,-0.000715344434468172,-6.20242632232996e-05
"east_of_england","alpha_death_hosp",0.000141949498283638,0.000900677550756681,0.000308601333983338,-8.00385738106244e-06,1.24278790186952e-06,-9.19026505696862e-06,-8.52338641773522e-06,-5.04269642766003e-06,9.41382754506885e-06,-1.37389553331986e-05,2.24152193321073e-05,3.95465897712684e-06,1.78729144808005e-06,1.2374581142089e-05,5.17060460944329e-06,2.96794388595589e-05,1.77416560204685e-05,-2.16732685162624e-05,4.24213428610308e-05,2.10612638760155e-05,-3.14912485369544e-06,9.02395718080419e-06,2.00787439225054e-06,1.30935334849253e-05,-8.70045111789179e-06,2.75119601574752e-05,-9.94133216486468e-08,-1.70763815305397e-07,7.73625490056758e-06,2.39818253770236e-06,8.09604741522591e-06,-4.56557213434584e-06,4.00261032306444e-05,-7.70520647508745e-05,2.41286199594201e-06,-1.30802349144284e-05,4.56056796316076e-06,2.11440720929178e-05,-2.572053291469e-05,-6.50858726574649e-06,0.000359488278069107,-0.000272019720190279,-0.000506334295610502,-0.000115101527066906,8.38830951060364e-05,0.000967274233174065,-0.000435160593457136,-7.6483336804747e-05,-7.27375227587736e-05,-0.00031752379826568,-4.00314855868685e-05,0.000321077218576299,0.00081010706171014,-0.000419205222828887,0.000250697572611408,-0.000134331669870416,0.000259601411243855,-7.04038350759391e-07,2.73521964231756e-07,-3.23284790079107e-06,-8.08944353843696e-07,-2.43255923139971e-06,1.23395577514456e-06,2.46079875205894e-06,-2.43363954932879e-08,-1.08327220802667e-07,-1.27975468269193e-06,-0.000648808412632472,0.00106560547751928,-0.000833310571338643,-4.44733989075204e-05,-0.000689557424293871,0.000171969404167694,-0.000262637864588376,0.00113508605100903,-0.00111026794157725,-6.65373758315363e-05,-1.95268494742958e-06,-0.0214226809556457,0.0126491554515583,-0.00239417291058119,0.00594836453496615,-0.000372963001074361,6.92429898952308e-05,3.64729777367064e-05
"east_of_england","alpha_H",-4.47887980992723e-05,-0.000253259650344479,-8.00385738106244e-06,2.70814805795209e-05,2.03243255738445e-05,-1.81787243731433e-06,3.37546271146343e-06,-4.26137396000678e-06,3.10161685171747e-06,5.22811129801587e-06,-9.14133270964201e-06,2.37795821226966e-06,-2.07885288008662e-06,-4.19517221249075e-06,3.27867589562959e-06,-7.33760061010065e-05,-5.77533727043056e-06,6.3843649432115e-06,-1.68275351340091e-05,8.44968444293932e-06,5.15901450229607e-07,-2.80011740151521e-06,3.59099856716015e-06,-1.25016750448084e-05,8.41690331689655e-06,-4.45151968280127e-06,4.05346062304248e-06,1.07584130969241e-06,-4.38849739996901e-06,3.57911639325096e-06,-9.4163983220373e-06,1.04944523940792e-05,3.703776396265e-06,-1.57102418608866e-05,1.68069449313244e-07,-5.59540515062499e-06,6.8426977144406e-06,-1.57038873349325e-06,4.83279578390513e-07,2.14051378980948e-06,-0.000529439741293984,-0.000137039106515635,-9.35056048322633e-06,-0.00022732420955902,-0.000251247114835297,-0.000343514086352711,-0.000208094086243079,0.000100223389713906,-4.63703771344714e-05,6.20262737812944e-05,-1.62848063094483e-05,-5.62804383755513e-05,0.000109764338026778,0.000224241223011995,-2.12261427124807e-05,-8.34457735743258e-06,0.000407604878401347,-2.99473795652832e-07,6.45163108471925e-07,-5.91959396096291e-07,-5.43554185690527e-08,2.30321400392881e-06,-5.57660165457876e-07,8.66806365582682e-08,1.65167162525263e-08,-3.60271226903338e-07,6.72703842994486e-08,-0.000413627448073843,-0.000333268444369726,0.000271231817634977,-5.49669422142708e-05,0.000466123144243192,-9.12755527003055e-05,-0.000222513630742037,3.03744663662412e-06,-2.86436766421212e-05,5.28825935617429e-06,-7.03365242511594e-07,0.00178555179456783,0.000229161180768639,-0.000434950766212632,0.00352733361712508,7.26856349828251e-06,1.87161937243001e-05,3.89805248357989e-05
"east_of_england","beta1",-2.94281543656837e-05,-0.000212698459243356,1.24278790186952e-06,2.03243255738445e-05,2.29516272794914e-05,-1.48850840648853e-06,2.79806719660453e-06,-2.69708213699551e-06,1.82684454593732e-06,4.43644100198051e-06,-5.87105990086918e-06,1.96734091155253e-06,-1.30110206834862e-06,-2.33960785316792e-06,1.60926704750027e-06,-5.58355994428935e-05,-4.41260885059452e-06,5.24217380243476e-06,-1.69933439599208e-05,1.10310070768782e-05,-3.88061223958149e-07,-1.83855434245853e-06,2.98384174472723e-06,-1.05736949010333e-05,9.18823184278559e-06,-5.32782745627539e-06,2.49211749910255e-06,2.33413034187755e-06,-3.42636764606932e-06,6.16288265237009e-07,-8.01541143144692e-06,6.3827677002735e-06,4.41835185812388e-06,-1.77423674436512e-05,3.86701828892966e-07,-5.36429309952298e-06,6.01934213949802e-06,-6.37429890764125e-07,9.93361735740393e-07,1.15091063626433e-06,-0.000327289039228197,-0.000147231737329361,-1.58264040248039e-05,-0.000199952834633486,-0.000281849030107109,-0.00022736258301998,-0.000174971245948978,8.89517482800714e-05,-2.31206058987671e-06,5.17396153617601e-05,-2.08945327899791e-05,-5.86653492459776e-05,5.54259731829113e-05,0.000177264095841352,-2.29286280254107e-05,-9.31291731684146e-06,0.000141747844104005,-1.74970472767217e-07,7.92042313059418e-07,-5.31386162281656e-07,3.91077218013316e-09,2.39113608316267e-06,-4.66969608471979e-07,2.71405780483436e-07,-5.21166154064235e-09,-2.63095607107426e-07,-1.07206843820866e-07,-0.000435687972176121,-5.64741434724966e-05,0.000252428679900308,1.74621017052783e-05,0.000427481663073714,-0.000132331919678449,-0.000126000085757122,4.3258208210736e-06,2.47643370170713e-05,3.71043630739065e-06,-1.09515023605557e-06,0.000734837127424121,-0.000949200441318546,0.000143085052323854,0.00502501836709402,-6.61221186825163e-06,3.93408904214933e-05,5.88541977919841e-05
"east_of_england","beta10",-8.81885051774482e-06,-0.000121743358379926,-9.19026505696862e-06,-1.81787243731433e-06,-1.48850840648853e-06,3.09062291466265e-06,-3.78460403604056e-06,2.61102882283056e-06,-1.38282369426004e-06,1.00527063821702e-06,-1.26573687953105e-06,-2.83370114936551e-07,3.65979304842369e-07,-7.25885461705686e-07,-1.37113325378784e-07,-4.43230079829044e-06,-1.07462228093487e-06,1.79697423518296e-06,-1.84894923950703e-06,-1.89979872857742e-06,-6.80855112613034e-07,2.25041900621768e-07,-1.29885479582928e-06,1.01203425308312e-06,-2.33290528313002e-07,-1.59651109710161e-06,1.06607485653072e-06,8.54501021249809e-08,-1.61507237501103e-07,-2.59817086740298e-07,8.84813111768961e-07,-7.15728264843233e-07,-3.36940964666039e-06,7.07491686646928e-06,-1.01389755210829e-06,1.89391105991144e-06,3.90589726802647e-07,-3.91465923071102e-06,5.0255479730499e-06,-1.68731750102086e-06,-1.05326541590547e-05,9.82812033316704e-06,-1.07715706809588e-05,1.85212982382583e-05,-4.84209553676119e-06,-2.50658966337014e-06,7.35734332146107e-06,-3.34501948907216e-06,-4.69060111638267e-06,4.45960403052699e-05,-2.20390108636611e-06,-2.90730892180891e-05,-8.85687338703882e-05,1.65889240905353e-05,-3.34496552814193e-05,1.89098425960483e-05,-3.16723848512613e-05,5.8695763489299e-08,-1.42202776917771e-07,4.46162232158723e-07,1.2877085710212e-07,-8.80330429331138e-08,-2.31169685628771e-08,-2.39414455820776e-07,1.13126141974859e-07,1.01960143513029e-07,1.77271860403417e-07,0.000103189593489208,7.70532216384078e-05,2.04196015951726e-05,7.35090449441438e-06,6.07250826526308e-05,-2.19112657936497e-05,3.70868013159517e-05,-0.000155480013387406,8.10974843012224e-05,1.3375732113477e-05,1.96050842815228e-07,0.000691493543124647,-5.7845012952833e-06,0.000130020250217022,-0.000921481833733385,1.93411125170828e-05,5.5935090786689e-06,-1.85175490478072e-05
"east_of_england","beta11",1.14393258926792e-06,9.07477004816074e-05,-8.52338641773522e-06,3.37546271146343e-06,2.79806719660453e-06,-3.78460403604056e-06,7.14595857136152e-06,-3.55213669940634e-06,9.27084088751723e-07,2.96717077499267e-07,-3.51134829371152e-07,9.7150126401145e-08,-6.75761124955804e-07,2.20812879073247e-07,-6.86271354165227e-07,5.71458354215233e-06,1.22074507844124e-07,-4.66116802256324e-07,-1.97498324375483e-06,1.27557883044169e-06,1.74493232651719e-06,-1.37287393965328e-06,2.06542278566218e-06,-3.29899174405543e-06,2.36657007758169e-06,-9.98633633051076e-07,-1.68083915608738e-06,2.56543436383025e-07,-5.40098878518399e-07,1.51112340709008e-07,-2.20672919089022e-06,1.36260682118952e-06,1.84787508975637e-06,-4.04420283095794e-06,1.33241561509422e-06,-1.71824791384609e-06,-9.71881241336066e-07,3.95796153920946e-06,-4.47672635865812e-06,2.61822507343412e-06,-1.01348890239906e-05,-7.15638593380114e-06,6.88320982983729e-05,-1.67537793004349e-05,-1.25301141510888e-05,-7.18690073163445e-05,3.9812896009332e-05,5.62622859967993e-06,2.67979922850345e-05,-3.76167628265498e-05,6.82322361093712e-06,6.51112022479798e-06,5.26196223011774e-05,1.67761836592306e-05,2.48471116677796e-05,-1.62041173586968e-05,-2.0459580184446e-05,2.7650344668286e-08,2.42028141594664e-07,-4.71119985666886e-07,-6.74834381987036e-08,3.71344738890003e-07,-9.73880635690106e-08,1.65656034223213e-07,-1.88548832824103e-07,-1.13218865220336e-07,-1.70907486842202e-07,-9.75299379758302e-05,-0.000166377499029077,4.81389784990428e-05,1.73015384170679e-05,6.18526139770568e-07,1.21228102825136e-05,-3.98652403233774e-05,0.000126780902705305,6.00159115417712e-06,-1.58856134261743e-05,-2.54768315484983e-07,0.000915091277927688,-0.0016754431808811,0.000157277796917437,0.00106574702295164,5.06298651499897e-06,-1.57454233366522e-05,3.09053556542749e-05
"east_of_england","beta12",-7.8864646539237e-07,-0.000111035241298087,-5.04269642766003e-06,-4.26137396000678e-06,-2.69708213699551e-06,2.61102882283056e-06,-3.55213669940634e-06,3.37716519680211e-06,-2.37076930679986e-06,1.46761558058732e-06,3.78539397684617e-08,-5.43699177684997e-07,7.72881484585517e-07,-1.1342365642075e-07,-1.24801779847103e-06,8.3695339951142e-06,-1.88194468772091e-07,1.41670590654225e-06,-1.344810134047e-06,-9.05209406326015e-07,-3.25240863336681e-07,5.81678185303907e-07,-1.16413201458835e-06,1.86982857204171e-06,8.33097844990365e-07,-2.08773605718061e-06,-1.19509721805236e-07,7.69297404151197e-07,6.08514010803604e-07,-1.00090415554457e-06,1.4514782374817e-06,-2.14324544073925e-06,-2.53554626456853e-06,6.0427728898054e-06,-6.50583874265012e-07,2.16684936480102e-06,-6.412899502588e-07,-3.15324480650057e-06,5.30119802911597e-06,-1.49640977243577e-06,7.59353885979986e-05,6.73242035281914e-06,-5.20092639545677e-06,3.96573275679954e-05,4.944587783141e-06,6.10005153385423e-05,1.90560236013205e-05,4.03080917652529e-06,1.6239665897124e-05,4.14909151174684e-05,2.40613219204111e-07,-3.35820058150185e-05,-9.71127281524129e-05,1.84552700899961e-05,-3.33140359374128e-05,1.86068928884257e-05,-0.000168974307912486,1.79837264345758e-07,-1.40743874986851e-07,3.42291447308298e-07,2.26424264486915e-07,-1.66015329801356e-07,-2.27672525826434e-08,-1.13132657530303e-07,7.8572987315242e-08,1.59896990014101e-07,4.68221572241373e-09,8.66939203835706e-05,0.000167134719740203,-1.63768493098379e-06,1.59121339265867e-05,3.33250651268492e-05,-2.047052274631e-05,6.53345917962454e-05,-0.000152244181345763,0.000125077565530145,4.11469337580618e-06,-1.55189336193362e-07,0.00031443255917759,-0.00125644033172182,0.00053614380574854,-0.000955825385904133,1.71139409484325e-05,-3.6047149815032e-07,-7.24132955562436e-06
"east_of_england","beta13",-1.10583855948101e-07,9.28896005625614e-05,9.41382754506885e-06,3.10161685171747e-06,1.82684454593732e-06,-1.38282369426004e-06,9.27084088751723e-07,-2.37076930679986e-06,2.70320176284031e-06,-2.48618837089661e-06,4.40296664478547e-07,6.01881176254499e-07,-5.42208129704813e-07,4.07140479727765e-08,1.99479652034121e-06,-1.44127881532816e-05,2.80193297780118e-07,-1.4294977027472e-06,2.88548814073613e-06,3.82564264996605e-07,-5.74955909367807e-07,8.57414144162589e-08,4.29290295813543e-07,-3.86284102032404e-07,-2.50981303460526e-06,3.37455197407201e-06,1.12788936469489e-06,-1.08136224776656e-06,-3.49582525352116e-07,1.14420549693621e-06,-4.76732788855695e-07,1.88086926254006e-06,1.86888560389837e-06,-4.52452334684494e-06,1.51659112278883e-08,-1.58388175084967e-06,1.11134605794573e-06,1.92580853416744e-06,-4.47259975267391e-06,6.46496387557338e-07,-6.93414433455882e-05,4.41521618725259e-06,-2.27429920532165e-05,-3.45915260500118e-05,1.2067994736303e-05,-3.65088264933094e-05,-3.82791289107717e-05,-1.18488117539254e-05,-3.464715965539e-05,-3.20284994222875e-05,-3.70325934601356e-06,3.96985116101977e-05,8.51983380413796e-05,-4.58348983468748e-05,2.7364967933729e-05,-1.42548902487561e-05,0.000225285635863102,-2.66321966455826e-07,2.51585569552591e-08,-1.19728688336809e-07,-2.59325733440339e-07,-3.01969866040045e-08,1.07923777003512e-07,1.93176228234125e-08,4.00065273125662e-09,-1.36329970722863e-07,6.70545970535089e-08,-5.48047683759769e-05,-0.000136500278255135,-1.82726405319597e-05,-3.22746485260404e-05,-5.18889100880462e-05,2.1961887685983e-05,-5.32366128394084e-05,0.000120657821952427,-0.000159137044857179,2.04479643488279e-06,4.57650879383349e-07,-0.000830933603681455,0.00258646744434113,-0.000793719455849029,0.00057611895295927,-2.53092187151873e-05,6.61885715783093e-06,-8.57848523515768e-06
"east_of_england","beta14",-1.49634708119753e-05,-0.000223936530418589,-1.37389553331986e-05,5.22811129801587e-06,4.43644100198051e-06,1.00527063821702e-06,2.96717077499267e-07,1.46761558058732e-06,-2.48618837089661e-06,6.2475748550314e-06,-3.65432491861154e-06,2.87813118889304e-07,-2.83631195759915e-08,-5.5092389364357e-07,-1.86989354437958e-06,-1.25776431389773e-06,-1.7483754624868e-06,3.8490947344212e-06,-9.09027141237882e-06,3.04709313297427e-06,1.37418510685597e-06,-1.02139701403013e-06,1.12066620330639e-06,-3.97105119519854e-06,7.04425739262729e-06,-5.8355224403238e-06,-8.05764921606531e-07,1.74745745927819e-06,-5.67700232630811e-07,-1.87588993403071e-07,-2.55329413561337e-06,1.43503741501608e-06,-1.09360638039553e-07,-2.04196111037882e-06,4.35989854706464e-07,-8.58369933178057e-08,7.16625335128284e-07,-2.84486475552854e-06,6.33841807324695e-06,-2.06051156662283e-07,-8.20224498306993e-05,-6.16082303028685e-05,1.8949419790328e-05,-3.79320918874443e-05,-0.000103231722869953,-3.41427423039555e-05,-2.97650388731931e-05,7.05006040157915e-05,3.82167457369481e-05,6.09363278268389e-05,2.57100874350772e-07,-7.52361100424831e-05,-4.51032761855157e-05,0.000166281377186552,-4.27310689636621e-05,1.45027455803493e-05,-0.000159396010750617,2.58850383667914e-07,1.77993161002834e-07,-1.82760928982616e-07,3.49455980410986e-07,7.12984342219861e-07,-3.73042842365049e-07,9.76340746932609e-08,-1.3546302511239e-08,5.52112549583815e-08,-2.37150071459067e-07,-0.000143543988713578,3.68837548484346e-05,0.00011409455919986,2.90417238458248e-06,0.000215828260948933,-5.26294148298178e-05,-2.40975058379783e-05,-0.000143270485392045,0.000221473189803724,-1.13047579565108e-05,-1.06725384673475e-06,0.00142395357807307,-0.00356347795142842,0.00101100610983806,0.000509071044406576,2.58702457687526e-05,-1.30824681653985e-06,2.67010389143747e-05
"east_of_england","beta15",3.28934975300839e-05,0.000247336953843213,2.24152193321073e-05,-9.14133270964201e-06,-5.87105990086918e-06,-1.26573687953105e-06,-3.51134829371152e-07,3.78539397684617e-08,4.40296664478547e-07,-3.65432491861154e-06,6.77506478703237e-06,-4.18809537667177e-07,9.67878743492437e-07,3.15042349331112e-06,-8.55116149563242e-07,3.15272632028713e-05,4.40930898799136e-06,-4.48234363594231e-06,9.60726380499851e-06,5.36689542904862e-07,8.16014416732299e-08,1.993425884638e-06,-1.09891280868992e-07,5.45680351759239e-06,-2.87989068337835e-06,4.8342152461692e-06,-2.42345445656058e-06,9.72692782241651e-08,2.97184405219917e-06,-1.72380087996882e-06,3.80510276699887e-06,-4.5092801602162e-06,3.58425570015265e-06,-4.38285864985211e-06,7.41057900982654e-07,2.02024069049841e-07,-2.65859017041961e-06,4.43051228648229e-06,-4.55681117816189e-06,-8.12128409183154e-07,0.000274656210604614,3.5824848209207e-05,-1.73312762937015e-05,4.68534182444026e-05,9.5331665328999e-05,0.000193872445686703,3.86517972384372e-05,-1.84596145855138e-05,1.68294926366513e-05,-6.96426950613906e-05,2.87407140990821e-06,5.5709870286544e-05,6.14716555696418e-05,-0.000115131843921737,4.35038051206719e-05,-1.54280590617413e-05,-0.000163570633710076,3.28661442689913e-09,-1.51514557847031e-07,-2.04405892014807e-07,-1.17373456275221e-07,-8.93884802170856e-07,3.17123253308786e-07,3.26868769319182e-07,-7.00032095073238e-08,6.14573577190557e-08,-3.6684188315561e-07,-4.36311063653652e-07,0.000134642076307577,-0.000123483782536385,-2.47225009648886e-05,-0.000270173775750852,5.26509822410436e-05,7.10070571030929e-05,0.000156070059558307,-0.000100942212478545,-1.99741089004772e-05,1.22810100183535e-08,-0.00294326338366553,0.000594684528220057,9.33827944378844e-05,-0.000230430388423471,-4.98429648850471e-05,-7.09033852073227e-06,6.55027494440243e-06
"east_of_england","beta16",-2.45377266635979e-06,-1.10934591510896e-05,3.95465897712684e-06,2.37795821226966e-06,1.96734091155253e-06,-2.83370114936551e-07,9.7150126401145e-08,-5.43699177684997e-07,6.01881176254499e-07,2.87813118889304e-07,-4.18809537667177e-07,3.88158581300844e-07,-1.94138195360188e-07,4.59783564985161e-08,4.90058662478477e-07,-6.10929118305953e-06,-1.65508401361923e-07,1.16917341720382e-07,-6.05169214188185e-07,1.21919652558679e-06,-9.00518136704435e-08,-5.26091615680922e-08,3.61041774272859e-07,-8.99750225336289e-07,4.77524910765196e-07,3.02973866786289e-07,3.25849600606665e-07,-3.03526187501783e-08,-2.36026137300683e-07,4.07658694609967e-07,-6.95644011979511e-07,1.02888495199179e-06,1.09137724487272e-06,-3.16630423835074e-06,9.53412172314432e-08,-8.09084572194728e-07,8.09427684559375e-07,1.59211125561553e-07,-4.36513628819981e-07,4.80088917030944e-08,-4.48428788778115e-05,-1.71788694124232e-05,-1.41129434086505e-05,-2.70626128751601e-05,-2.28742449792091e-05,-1.16929240971338e-05,-3.09908812375046e-05,1.15193302765801e-05,-6.70746180626202e-06,-6.50570886683155e-07,-2.70827876025768e-06,1.24372839173841e-06,3.07115739795246e-05,1.64664511077008e-05,2.71164495285706e-06,-3.48309735703665e-06,5.82061972622382e-05,-5.95821003779527e-08,5.99883331196677e-08,-1.06721128338698e-07,-3.270897814355e-08,1.53224187441337e-07,-2.96965865508694e-08,5.75096748908159e-08,8.46098172674497e-09,-4.23408686451013e-08,-3.54484756686687e-08,-6.55966492197675e-05,-2.27669444806319e-05,1.09448403999918e-05,-1.33215375491756e-05,2.47713900138211e-05,-3.582715223637e-06,-2.88803496410681e-05,2.4349517229062e-05,-2.57786739356061e-05,-1.4464962173071e-06,-8.46709026227702e-08,-0.000296279687414884,0.000464021033393177,-0.00011488738830459,0.000467215778343733,-9.18879731733501e-06,6.06932989774335e-06,2.59213973693724e-06
"east_of_england","beta17",4.41186753112312e-06,6.2581186801374e-06,1.78729144808005e-06,-2.07885288008662e-06,-1.30110206834862e-06,3.65979304842369e-07,-6.75761124955804e-07,7.72881484585517e-07,-5.42208129704813e-07,-2.83631195759915e-08,9.67878743492437e-07,-1.94138195360188e-07,4.11085101281206e-07,2.70601608725896e-07,-4.59416973911533e-07,6.41079996683813e-06,5.76082790106081e-07,1.76667121175342e-08,6.39302773079381e-07,8.81318167562131e-08,2.08513754096513e-07,3.91129978513265e-07,-3.21163826853909e-08,9.28432119140812e-07,5.13566789375635e-07,-1.20425864830635e-07,-3.69890826474924e-07,4.24270316239369e-07,6.73177676272242e-07,-3.30467767347231e-07,8.02686007316696e-07,-9.82028150669633e-07,5.08800826847099e-08,8.87454975221928e-07,-6.59290184492795e-08,6.22574291960621e-07,-7.07376472042105e-07,1.35788612958685e-08,7.21428338182557e-07,-4.33282833126438e-07,5.78812603449073e-05,1.07277585384265e-06,3.8341357624229e-06,1.39826349942855e-05,1.41463510437912e-05,3.76335009797429e-05,1.21301291301489e-05,-1.09955799778418e-06,8.44002772793153e-06,1.99251212632278e-06,7.04067038334833e-07,-3.53533424039888e-06,-1.91352480856738e-05,-7.96285441156996e-06,-3.04229411153506e-06,2.33805460656472e-06,-8.29935389798714e-05,5.87149368064529e-08,-5.61799279136168e-08,1.87996068461984e-08,5.84092615424014e-08,-1.51492057604766e-07,3.01850011136494e-08,2.79256035803651e-08,2.76846763637069e-10,5.42014067332556e-08,-7.81451897378426e-08,1.62179162469948e-05,6.25225642724595e-05,-9.17951086637855e-06,-1.85108506731913e-06,-1.88180250695467e-05,4.52233338415573e-06,2.38872353469892e-05,-1.63711155576292e-05,2.30220688411495e-05,-3.34481836423261e-06,-5.76945913287908e-08,-0.000375154510508496,-0.000510363725047312,0.000186032268985358,-0.00024541305768213,-3.38377141297219e-06,-5.37436612968394e-06,1.12340005747698e-06
"east_of_england","beta18",1.75056926429991e-05,9.97358080970016e-05,1.2374581142089e-05,-4.19517221249075e-06,-2.33960785316792e-06,-7.25885461705686e-07,2.20812879073247e-07,-1.1342365642075e-07,4.07140479727765e-08,-5.5092389364357e-07,3.15042349331112e-06,4.59783564985161e-08,2.70601608725896e-07,2.82376722498042e-06,-1.16328009876252e-06,1.96603942762537e-05,2.74365024670167e-06,-2.668765912181e-06,4.79407633985774e-06,9.72803481395358e-07,1.67657672474992e-07,9.69459064686198e-07,8.95635797748888e-08,2.64809686314336e-06,-1.09893848310304e-06,2.35088895781622e-06,-1.96619202952183e-06,5.14608547783629e-09,1.5795490126957e-06,-1.26609098174671e-06,1.7272265549045e-06,-2.38665528477344e-06,2.64967278872494e-06,-5.14751723045474e-06,8.13518346264747e-07,-3.83271178351184e-07,-1.00731273027901e-06,2.12932637703949e-06,-1.69673546186185e-06,-7.01370393878822e-07,0.000148010941845677,1.06834476760134e-05,-2.27330779471536e-05,2.12939665582332e-05,3.62513213094312e-05,0.000126766038599522,1.21556258915984e-05,9.04467280363731e-06,2.06202956217479e-05,-3.75348003129559e-05,1.81117968577078e-06,2.25536868540299e-05,5.91749277453413e-05,-3.03228853612963e-05,2.02827629221953e-05,-8.29442141778281e-06,-8.79160286207856e-05,1.74867412388343e-08,-1.84034316042154e-08,-2.0117025091474e-07,-3.48079589049182e-08,-4.92390635330632e-07,1.03681478346724e-07,2.55961033349289e-07,-5.21948185080207e-08,3.18158000985404e-08,-3.11591590775502e-07,-7.44621875212216e-05,6.44426382261403e-05,-7.26976154993665e-05,-1.27041498139399e-05,-0.000141963932133539,2.18103356736972e-05,2.41027197515512e-05,8.47441287918738e-05,-2.06615591569271e-05,-1.79333679931702e-05,-2.66013210524356e-07,-0.00156015666692008,-5.24559733581147e-05,0.000217059301647916,0.00010985712807003,-3.02477089056418e-05,3.18435103857525e-06,1.00452827946031e-05
"east_of_england","beta19",-8.64342243117391e-06,2.83688218658368e-05,5.17060460944329e-06,3.27867589562959e-06,1.60926704750027e-06,-1.37113325378784e-07,-6.86271354165227e-07,-1.24801779847103e-06,1.99479652034121e-06,-1.86989354437958e-06,-8.55116149563242e-07,4.90058662478477e-07,-4.59416973911533e-07,-1.16328009876252e-06,2.60492324009936e-06,-1.93712624511267e-05,-1.11905001865915e-06,-1.63890883566809e-07,1.04676795153588e-06,-7.59153358553111e-07,-9.07796528141993e-07,-1.90016890994679e-07,-2.17069062951624e-07,-8.19634265951458e-07,-2.39500792972e-06,2.14901522953373e-06,2.0318300031451e-06,-1.21545777564511e-06,-9.28889181749263e-07,1.58521540789115e-06,-6.39120056274831e-07,2.42576882792858e-06,-6.36610848303384e-08,-4.97282235342815e-07,-5.12866142833716e-07,-8.7936241336143e-07,1.584899236857e-06,-1.50734683677704e-07,-2.17735112766012e-06,3.43304521296288e-07,-0.000133167448212038,4.10662851934393e-07,-2.59432403841932e-05,-4.10538066233584e-05,-1.21032882738534e-05,-7.06477224174953e-05,-4.00549376341066e-05,-2.14150285452063e-05,-4.40758597787452e-05,-8.19871369114407e-06,-5.5736356343622e-06,2.33532622225752e-05,3.44560507139733e-05,-2.93124509014359e-05,1.36339648435304e-05,-6.72007352124954e-06,0.000245917629837507,-2.36338449858922e-07,-1.61524310040447e-08,6.9613254430887e-08,-2.0213190522933e-07,1.12858808647181e-07,8.10580212662353e-08,-1.20450882693402e-07,7.33008126094087e-08,-1.17557595053633e-07,2.68176682456578e-07,2.71770483225241e-05,-0.000109129837329111,5.43135865973756e-06,-2.19131641905911e-05,1.88810227121621e-05,9.09283773305481e-06,-5.16289621201044e-05,5.39774992471208e-05,-0.000138821857603809,1.53102083552428e-05,5.33387030850966e-07,-0.000279759301313473,0.00287697373782401,-0.00083666247560737,0.000236495553738264,-1.02631517446616e-05,1.28228386466083e-05,-2.15259747340005e-05
"east_of_england","beta2",0.000162358135409942,0.000799866282901988,2.96794388595589e-05,-7.33760061010065e-05,-5.58355994428935e-05,-4.43230079829044e-06,5.71458354215233e-06,8.3695339951142e-06,-1.44127881532816e-05,-1.25776431389773e-06,3.15272632028713e-05,-6.10929118305953e-06,6.41079996683813e-06,1.96603942762537e-05,-1.93712624511267e-05,0.000352697324614865,2.13390465897345e-05,-2.19421991300479e-05,3.9332429179073e-05,-7.30619983408879e-06,6.31315434713995e-06,5.6343339411999e-06,-3.58031305186726e-06,2.63225179558436e-05,-1.55817840164857e-06,9.07293066386631e-07,-2.81920501357376e-05,2.73107953112364e-06,1.35844176257591e-05,-1.5402671800028e-05,2.10459375179708e-05,-3.46104030630529e-05,5.4748629618941e-06,6.93842054052086e-06,7.79096351679142e-06,9.70737946940451e-06,-2.50182087184437e-05,1.67566152870213e-05,-3.65847728221611e-06,-2.58046889790793e-06,0.00181434372393708,0.000205032916939065,0.000128022704528473,0.000536008717513423,0.000466260667614675,0.00131830759777603,0.000599652420974013,-1.51463656427998e-06,0.000378739201273361,-0.00026115019198507,7.21285034902932e-05,9.2538474986244e-05,-4.51184949206896e-05,-0.000195508622341537,0.000107387994575226,-2.30292046016573e-05,-0.00221561322828617,2.03203385007634e-06,-1.00359583979666e-06,-1.51490141591374e-06,9.9251245814164e-07,-4.69343355965245e-06,5.49878948917954e-07,1.87843210982838e-06,-7.14936109111315e-07,9.97737743860539e-07,-2.54707258462996e-06,0.000314940323118854,0.00124625225589824,-0.000671434857716548,9.99623249128863e-05,-0.00144739008004415,0.000310255735737453,0.000564159280069159,0.000361640821780119,0.000573832871179559,-0.000143682345034083,-3.32620312088628e-06,-0.00721780912312784,-0.0135701644809788,0.00587732402078221,-0.00543217107429929,-6.56213614536818e-05,-2.98026434181729e-05,0.000102803510757306
"east_of_england","beta20",2.65187513384507e-05,0.00017515717539468,1.77416560204685e-05,-5.77533727043056e-06,-4.41260885059452e-06,-1.07462228093487e-06,1.22074507844124e-07,-1.88194468772091e-07,2.80193297780118e-07,-1.7483754624868e-06,4.40930898799136e-06,-1.65508401361923e-07,5.76082790106081e-07,2.74365024670167e-06,-1.11905001865915e-06,2.13390465897345e-05,3.88865660678429e-06,-3.22963119346103e-06,7.42964155229306e-06,6.11978897121801e-07,6.70009543992058e-07,1.4736084672074e-06,4.61000298881317e-07,4.05512743356091e-06,-1.61244772811121e-06,3.8684890124375e-06,-1.90429340487505e-06,2.11386148327793e-07,2.6682905342351e-06,-1.00534917357251e-06,2.76625079236421e-06,-2.93344492041975e-06,3.53875153621542e-06,-4.80490687687465e-06,6.87842640827042e-07,-2.28077928385949e-09,-2.00696594599963e-06,3.48760380688163e-06,-3.19179674314935e-06,-7.69601134874056e-07,0.00020249543014373,2.13354006600771e-05,-1.28982569069192e-05,3.66430894827192e-05,8.24066108085682e-05,0.000148671431676263,2.07704260373937e-05,-3.32616003487074e-06,1.51771726678418e-05,-5.02334576130663e-05,3.76772862232398e-06,3.76550805565716e-05,6.91245759941035e-05,-7.12791204541504e-05,3.17520001830126e-05,-1.0957389733177e-05,-0.000115793755783255,1.06665579612509e-08,-1.11073388987847e-07,-2.26962074430326e-07,-6.57926562932988e-08,-8.28941791133281e-07,2.15445801083741e-07,2.7144138140083e-07,-7.90361617167072e-08,5.79194261440438e-08,-3.65797933958511e-07,-4.5261763714275e-05,5.95694080737956e-05,-9.68275970551274e-05,-2.47036031915221e-05,-0.000193346555195544,4.02111585782854e-05,3.71609514850876e-05,0.000112758339030368,-5.89337751884242e-05,-2.32531059290544e-05,-7.86143820476094e-08,-0.00216194182035077,-6.5609891010504e-05,0.000121386889618323,-0.000362773475117515,-3.8502207117904e-05,-1.83323905165768e-05,7.42842986031224e-06
"east_of_england","beta21",-2.45723979630666e-05,-0.000236671221037512,-2.16732685162624e-05,6.3843649432115e-06,5.24217380243476e-06,1.79697423518296e-06,-4.66116802256324e-07,1.41670590654225e-06,-1.4294977027472e-06,3.8490947344212e-06,-4.48234363594231e-06,1.16917341720382e-07,1.76667121175342e-08,-2.668765912181e-06,-1.63890883566809e-07,-2.19421991300479e-05,-3.22963119346103e-06,5.60436791846231e-06,-1.03928333469243e-05,1.22109593787557e-06,9.11751450519552e-07,-1.1768728448883e-06,9.15396927045096e-07,-4.29990458191642e-06,5.87573784970542e-06,-5.58563466759276e-06,1.59662205180239e-06,1.58568496244475e-06,-1.16179542574785e-06,8.56550564066868e-07,-2.589671225647e-06,2.64331181757519e-06,-2.87336035379642e-06,5.03380603424968e-06,-7.77638358736717e-07,8.93925934080495e-07,1.09846911971099e-06,-4.06283582785761e-06,6.3127517230855e-06,-3.36697346357198e-08,-0.000137590017083488,-4.06826286695463e-05,4.44235781788956e-05,-3.58729351013069e-05,-8.37079620701973e-05,-0.000136042779877576,-1.52965678503081e-05,2.98675831626431e-05,7.2697008809548e-06,7.73113617862115e-05,-2.50286311854718e-06,-7.43453397263204e-05,-0.00011246244298645,0.000112104714839876,-5.20565307953945e-05,2.03519048148234e-05,-5.38130151483818e-05,1.1290000325316e-07,9.1958564379814e-08,1.99577124251203e-07,2.66431402783416e-07,7.88157465650946e-07,-2.78235016706593e-07,-2.21196051597121e-07,5.55861033716695e-08,4.02092285627386e-08,8.78711672160776e-08,-1.79393420059167e-05,-2.67436191411977e-05,0.00015568499803107,5.70245917186969e-06,0.000270752238525406,-5.47573971038775e-05,-1.26572619228032e-05,-0.000195975844595395,0.000169488542197224,7.11901043489914e-06,-2.3766070978791e-07,0.00207937275636531,-0.00235973615614338,0.000447425058749908,0.000123890021154828,3.81628750228556e-05,-1.21756611127633e-05,6.67410514799024e-06
"east_of_england","beta22",5.19505380912157e-05,0.000482847705579004,4.24213428610308e-05,-1.68275351340091e-05,-1.69933439599208e-05,-1.84894923950703e-06,-1.97498324375483e-06,-1.344810134047e-06,2.88548814073613e-06,-9.09027141237882e-06,9.60726380499851e-06,-6.05169214188185e-07,6.39302773079381e-07,4.79407633985774e-06,1.04676795153588e-06,3.9332429179073e-05,7.42964155229306e-06,-1.03928333469243e-05,2.59319871953727e-05,-6.71800652377481e-06,-1.05799555393087e-06,3.35905617616388e-06,-2.14309335135252e-06,1.21076079155068e-05,-1.37981798273127e-05,1.35694407062146e-05,-1.75999049537368e-06,-3.481850676213e-06,4.29379280154489e-06,-3.09679231529509e-08,8.16079799490364e-06,-5.16893988090657e-06,3.80892294931919e-06,-1.06378291769518e-06,3.73972335263002e-07,8.67207874436038e-07,-3.77731827398219e-06,6.75425418722457e-06,-1.10322136652188e-05,-1.05045799227139e-06,0.000325476614172026,0.000118021010299546,-7.70756143134965e-05,0.000123500870991823,0.000287622699633905,0.000279467947343398,6.23870595833899e-05,-9.63470689880955e-05,-4.31098716357954e-05,-0.000143392615648681,8.51701842634784e-06,0.000153449165341172,0.000170130269521045,-0.000292021233222282,9.39175297180778e-05,-2.91077980865414e-05,0.00014282353107014,-2.85226156060068e-07,-5.87391588056669e-07,-7.28789636266372e-09,-5.16610131512899e-07,-2.61342444429137e-06,7.57229913163437e-07,1.55304995205872e-07,-3.86866940502464e-08,3.57229514461946e-08,-7.09596178319437e-08,0.000203211937829271,1.25588883075671e-05,-0.000357498437580865,-6.38770564016758e-05,-0.000587882317744778,0.000157121614030864,4.85359543938497e-05,0.000314253393062797,-0.000368575120211634,-1.32400430687817e-05,1.2713491269841e-06,-0.00458911595850949,0.00535860881173519,-0.00135748213166369,-0.00251446355111892,-7.8465693067079e-05,-1.74692862474367e-05,-5.44034855923299e-05
"east_of_england","beta23",6.24402847948615e-06,-4.70893183836596e-05,2.10612638760155e-05,8.44968444293932e-06,1.10310070768782e-05,-1.89979872857742e-06,1.27557883044169e-06,-9.05209406326015e-07,3.82564264996605e-07,3.04709313297427e-06,5.36689542904862e-07,1.21919652558679e-06,8.81318167562131e-08,9.72803481395358e-07,-7.59153358553111e-07,-7.30619983408879e-06,6.11978897121801e-07,1.22109593787557e-06,-6.71800652377481e-06,1.15895504191307e-05,2.57084330616818e-07,6.01664119367275e-07,2.79165311907237e-06,-4.00882543023735e-06,7.71293261274183e-06,-1.65187274867545e-06,-1.10345908873607e-06,2.89351785042947e-06,4.27459286100005e-07,-6.86836533926308e-07,-3.16507637117795e-06,1.30566000147312e-06,7.73205187531567e-06,-1.97548407230839e-05,1.22064700551919e-06,-3.70535088627124e-06,1.98267397632103e-06,2.83474220201376e-06,-9.67377682969238e-07,7.26222521958034e-08,4.72272190008014e-06,-0.000111803895477611,-3.14834430649393e-05,-0.000109863041023657,-0.000131568498386268,5.17753985651113e-05,-0.000139562427056765,0.000100049030380207,3.12065432399269e-05,6.83858479705741e-06,-1.02148916371202e-05,-2.20689990982611e-05,0.000109199742439237,0.000114237693413348,2.21598558526212e-06,-1.41727048284754e-05,-0.000150169238126559,4.71466309812137e-08,4.32147458876942e-07,-7.85709327421969e-07,1.16067364508361e-07,1.09221763539805e-06,-2.44643698423064e-07,6.33670031731879e-07,-7.40864931984034e-08,-7.2157540986238e-08,-6.89029065552788e-07,-0.000424304334292503,0.000125105901628864,8.62749204452112e-05,-3.32955399572007e-05,0.000128251084549857,-6.22669183265522e-05,-4.87230788538927e-05,8.22234016417251e-05,3.72977550927485e-05,-3.11046742087615e-05,-1.41103508131105e-06,-0.00191633731155957,-0.00225058244089898,0.000716152583824882,0.00308357734393916,-4.33847960350296e-05,1.17227890970014e-05,6.07642007135973e-05
"east_of_england","beta24",3.56261362033651e-06,1.63572277811395e-05,-3.14912485369544e-06,5.15901450229607e-07,-3.88061223958149e-07,-6.80855112613034e-07,1.74493232651719e-06,-3.25240863336681e-07,-5.74955909367807e-07,1.37418510685597e-06,8.16014416732299e-08,-9.00518136704435e-08,2.08513754096513e-07,1.67657672474992e-07,-9.07796528141993e-07,6.31315434713995e-06,6.70009543992058e-07,9.11751450519552e-07,-1.05799555393087e-06,2.57084330616818e-07,2.06135307949536e-06,-4.06848968537049e-07,1.47037890748721e-06,-7.69696916696483e-07,3.08663761245172e-06,-1.07427759718357e-06,-8.98957295823066e-07,9.29458645375929e-07,1.02883043268431e-06,1.92968754257369e-07,-1.58048857521674e-07,1.10631038308774e-07,1.00051144746148e-06,-2.55819752879199e-07,4.35603151217666e-07,2.1347543090174e-07,-1.22012148875978e-06,8.97716277431874e-07,6.29118749057813e-07,1.50330665808651e-07,2.86197175520997e-05,-9.91869106544124e-06,4.1995263948522e-05,1.08192800989902e-06,3.10987784591975e-06,-9.07566558409464e-06,3.05251467468838e-05,9.44341628571954e-06,1.97597847447167e-05,-2.53459649608066e-06,4.63413372403796e-06,-1.68602650534931e-05,-7.85869302716343e-06,2.79991884330982e-05,1.71480890661637e-06,-2.6127376613694e-07,-0.00011100261018831,1.10936521647942e-07,1.73299837595408e-08,-2.12291624252013e-07,1.10000179167964e-07,-5.67656892877561e-08,-4.42849437145601e-08,8.92579674947546e-08,-7.38717298632365e-08,2.82256407264653e-08,-1.83463937604109e-07,-3.02863895144039e-05,-3.81072646880775e-05,3.38931374480745e-05,-8.21252099407421e-06,2.92312374865412e-05,1.08229788100362e-05,-1.19023218503021e-06,2.78038976015608e-06,5.45995420484169e-05,-1.41573897426181e-05,-2.7272173801179e-07,5.22563517870883e-05,-0.00191591951040563,0.000391958264190205,-0.000145335468168449,1.00907333664484e-06,-2.76150652577642e-05,1.41868274957326e-05
